# Random 02: lovers_relations.mp3
# H;mapID;songName;bpm;delay;noteRadius;songFile
# N;timing;x;y
# S;time;x;y;duration;x;y

H;2;Random 02: lovers_relations.mp3;67;8;50;lovers_relations.mp3;fire_background.jpg
S;8000;841;258;1000;791;343
N;10000;915;284
S;11000;475;768;1000;376;767
N;13000;320;869
N;14000;675;186
S;15000;210;381;1000;159;466
N;17000;96;424
N;18000;880;733
N;19000;391;839
N;20000;892;711
N;21000;581;468
N;22000;702;24
S;23000;140;676;1000;166;771
N;25000;641;100
N;26000;727;194
N;27000;317;789
N;28000;320;718
N;29000;398;107
N;30000;971;255
N;31000;150;657
N;32000;808;8
N;33000;724;83
N;34000;75;482
S;35000;564;174;1000;503;95
N;37000;487;526
N;38000;638;281
N;39000;871;430
N;40000;624;470
N;41000;415;723
S;42000;743;697;1000;788;608
S;44000;387;452;1000;466;393
N;46000;966;565
N;47000;717;85
S;48000;578;698;1000;614;605
N;50000;553;72
N;51000;389;180
N;52000;176;998
S;53000;146;753;1000;155;654
N;55000;86;282
N;56000;448;351
N;57000;237;46
N;58000;303;310
N;59000;353;149
S;60000;387;112;1000;378;210
N;62000;711;653
N;63000;833;582
N;64000;563;975
N;65000;730;498
N;66000;674;767
N;67000;615;204
S;68000;665;430;1000;594;360
N;70000;143;59
N;71000;272;570
N;72000;5;577
N;73000;159;686
N;74000;597;810
N;75000;534;741
N;76000;865;266
N;77000;162;847
N;78000;728;89
N;79000;620;306
N;80000;1;981
S;81000;890;150;1000;948;229
N;83000;671;13
N;84000;839;223
S;85000;422;836;1000;489;763
N;87000;570;120
N;88000;697;663
N;89000;536;962
N;90000;96;504
N;91000;636;807
N;92000;237;975
N;93000;147;39
N;94000;753;300
S;95000;416;256;1000;514;246
N;97000;28;728
N;98000;398;504
N;99000;788;837
N;100000;876;180
