# Random 19: love_dramatic.mp3
# H;mapID;songName;bpm;delay;noteRadius;songFile
# N;timing;x;y
# S;time;x;y;duration;x;y

H;19;Random 19: love_dramatic.mp3;129;8;50;love_dramatic.mp3;nierbackground.jpg
S;8000;566;664;1000;562;762
S;10000;618;365;1000;566;280
N;12000;512;652
S;13000;209;608;1000;114;636
N;15000;290;515
S;16000;336;429;1000;237;425
N;18000;454;128
N;19000;522;169
N;20000;320;314
N;21000;802;189
S;22000;249;491;1000;313;566
S;24000;560;802;1000;561;900
S;26000;234;411;1000;319;460
N;28000;793;457
N;29000;1;401
N;30000;949;692
N;31000;366;946
N;32000;628;437
N;33000;639;245
N;34000;927;437
N;35000;509;114
N;36000;24;94
N;37000;745;7
N;38000;801;94
N;39000;685;226
N;40000;297;431
N;41000;178;989
N;42000;857;878
S;43000;692;608;1000;780;652
N;45000;482;376
S;46000;301;401;1000;370;330
N;48000;331;643
N;49000;569;695
N;50000;888;344
N;51000;256;172
S;52000;629;142;1000;572;222
N;54000;917;873
N;55000;324;719
N;56000;712;270
N;57000;63;985
N;58000;431;254
N;59000;848;455
N;60000;850;825
N;61000;415;991
N;62000;540;629
N;63000;664;147
N;64000;270;670
N;65000;360;996
S;66000;304;226;1000;325;322
N;68000;256;468
S;69000;525;476;1000;581;557
N;71000;111;69
N;72000;754;412
S;73000;318;690;1000;240;751
N;75000;499;253
S;76000;423;670;1000;396;765
N;78000;493;307
N;79000;744;742
S;80000;537;632;1000;440;608
N;82000;746;936
S;83000;453;149;1000;459;247
N;85000;750;736
N;86000;251;744
N;87000;759;236
N;88000;878;524
S;89000;575;415;1000;657;469
N;91000;288;881
N;92000;945;2
N;93000;512;37
S;94000;251;652;1000;255;553
S;96000;753;799;1000;661;760
N;98000;890;663
N;99000;863;200
S;100000;802;460;1000;709;425
N;102000;74;948
N;103000;422;349
S;104000;778;540;1000;810;446
S;106000;156;420;1000;122;513
S;108000;771;615;1000;793;711
N;110000;410;829
S;111000;670;737;1000;707;828
S;113000;354;432;1000;436;486
S;115000;302;822;1000;219;767
S;117000;351;368;1000;417;294
N;119000;761;507
N;120000;393;801
N;121000;309;658
N;122000;309;34
N;123000;126;92
N;124000;642;524
N;125000;76;519
N;126000;63;368
S;127000;713;567;1000;734;470
S;129000;731;306;1000;829;316
N;131000;232;683
S;132000;622;829;1000;540;885
N;134000;434;78
S;135000;613;426;1000;711;425
N;137000;253;837
S;138000;791;313;1000;692;308
N;140000;397;335
N;141000;349;682
N;142000;802;685
N;143000;846;958
N;144000;134;253
N;145000;244;381
S;146000;633;884;1000;604;978
S;148000;767;116;1000;725;26
N;150000;929;178
N;151000;649;401
N;152000;547;387
N;153000;231;0
N;154000;143;677
S;155000;556;600;1000;596;509
N;157000;557;453
N;158000;979;556
N;159000;23;995
N;160000;770;790
S;161000;867;191;1000;770;170
N;163000;929;588
S;164000;264;309;1000;180;362
S;166000;767;462;1000;735;367
S;168000;784;900;1000;701;844
N;170000;298;990
N;171000;349;363
S;172000;468;847;1000;564;824
N;174000;845;853
N;175000;165;731
S;176000;775;526;1000;859;474
N;178000;451;353
N;179000;65;611
N;180000;654;248
N;181000;861;366
N;182000;19;756
S;183000;718;612;1000;725;710
N;185000;953;734
N;186000;295;172
S;187000;579;357;1000;655;419
N;189000;892;599
N;190000;658;679
N;191000;27;267
N;192000;955;298
N;193000;851;118
N;194000;929;433
S;195000;617;454;1000;665;367
N;197000;802;299
N;198000;465;38
S;199000;647;717;1000;552;746
N;201000;697;932
S;202000;688;454;1000;783;481
N;204000;659;831
N;205000;627;565
N;206000;537;862
N;207000;626;318
N;208000;533;926
N;209000;327;803
S;210000;273;227;1000;251;323
N;212000;503;20
S;213000;261;169;1000;332;237
N;215000;562;420
S;216000;701;613;1000;685;710
S;218000;836;172;1000;747;215
N;220000;913;703
N;221000;153;312
N;222000;534;253
N;223000;703;532
N;224000;539;515
N;225000;495;939
N;226000;562;772
N;227000;963;762
N;228000;393;627
N;229000;387;54
N;230000;793;113
N;231000;630;317
S;232000;760;205;1000;847;251
S;234000;381;313;1000;385;214
N;236000;502;978
S;237000;611;463;1000;694;515
N;239000;530;777
N;240000;602;222
S;241000;831;299;1000;736;328
S;243000;311;363;1000;247;438
N;245000;443;335
N;246000;786;293
N;247000;266;207
N;248000;534;558
N;249000;113;762
S;250000;480;654;1000;413;580
S;252000;250;847;1000;266;749
S;254000;707;760;1000;741;667
N;256000;572;864
N;257000;897;867
N;258000;301;792
