# Random 15: renai_circulation.mp3
# H;mapID;songName;bpm;delay;noteRadius;songFile
# N;timing;x;y
# S;time;x;y;duration;x;y

H;15;Random 15: renai_circulation.mp3;120;8;50;renai_circulation.mp3;senshiknife.png
S;8000;718;450;1000;681;358
S;10000;641;425;1000;673;331
S;12000;298;739;1000;210;785
N;14000;98;290
N;15000;732;866
N;16000;867;855
N;17000;380;575
N;18000;105;345
N;19000;912;452
N;20000;630;868
N;21000;652;717
N;22000;592;326
S;23000;155;296;1000;174;199
S;25000;551;603;1000;609;523
N;27000;159;475
N;28000;14;105
N;29000;456;215
N;30000;478;668
N;31000;858;887
S;32000;894;737;1000;805;780
S;34000;872;332;1000;774;317
S;36000;149;736;1000;180;642
N;38000;437;171
N;39000;735;600
N;40000;553;540
N;41000;265;59
N;42000;654;588
N;43000;623;157
N;44000;871;995
N;45000;381;566
N;46000;53;274
N;47000;392;447
N;48000;728;199
N;49000;753;960
N;50000;572;105
N;51000;263;681
N;52000;164;852
S;53000;898;767;1000;948;681
S;55000;625;647;1000;541;593
N;57000;482;149
N;58000;466;433
N;59000;430;424
N;60000;908;154
S;61000;632;628;1000;533;627
S;63000;115;497;1000;53;419
N;65000;976;211
N;66000;800;985
N;67000;948;249
N;68000;145;337
S;69000;294;274;1000;341;187
N;71000;123;101
S;72000;121;456;1000;22;461
N;74000;524;182
N;75000;170;395
S;76000;616;897;1000;637;993
N;78000;439;129
N;79000;658;150
S;80000;649;898;1000;582;971
N;82000;571;894
S;83000;791;875;1000;814;971
N;85000;432;831
N;86000;632;424
N;87000;787;31
N;88000;446;987
N;89000;515;822
N;90000;619;759
S;91000;400;575;1000;301;564
S;93000;897;633;1000;817;691
N;95000;67;849
N;96000;930;91
N;97000;24;165
N;98000;397;396
S;99000;783;524;1000;832;438
N;101000;992;325
N;102000;741;120
S;103000;626;399;1000;567;318
N;105000;744;768
N;106000;883;640
N;107000;951;633
N;108000;82;888
S;109000;801;529;1000;723;467
N;111000;724;64
N;112000;531;309
N;113000;864;726
N;114000;654;904
S;115000;372;736;1000;329;646
N;117000;598;613
N;118000;595;202
N;119000;664;528
N;120000;387;863
N;121000;979;42
N;122000;103;107
N;123000;955;531
N;124000;252;700
S;125000;449;819;1000;486;727
S;127000;284;341;1000;336;256
N;129000;725;163
N;130000;652;768
N;131000;149;986
N;132000;488;745
N;133000;142;287
S;134000;230;340;1000;134;367
S;136000;708;897;1000;671;804
N;138000;959;365
N;139000;690;151
N;140000;787;352
S;141000;752;890;1000;745;791
S;143000;683;494;1000;696;592
N;145000;722;350
S;146000;717;287;1000;798;343
N;148000;406;581
N;149000;730;726
N;150000;917;85
S;151000;193;842;1000;198;940
N;153000;512;661
N;154000;476;75
N;155000;186;388
S;156000;518;488;1000;616;501
N;158000;30;947
S;159000;804;357;1000;893;315
N;161000;961;943
N;162000;8;990
N;163000;511;540
N;164000;749;497
S;165000;189;118;1000;101;164
S;167000;784;805;1000;705;744
N;169000;417;159
S;170000;706;820;1000;775;890
N;172000;937;594
N;173000;835;820
N;174000;101;408
N;175000;249;706
S;176000;658;493;1000;561;471
N;178000;57;787
S;179000;208;235;1000;175;328
N;181000;744;503
N;182000;47;117
N;183000;390;50
S;184000;106;638;1000;122;735
N;186000;186;350
N;187000;866;278
S;188000;263;753;1000;292;847
N;190000;997;165
N;191000;770;72
N;192000;312;874
N;193000;550;800
N;194000;913;125
N;195000;871;857
S;196000;133;167;1000;116;69
N;198000;423;219
N;199000;649;237
N;200000;16;416
N;201000;247;957
S;202000;870;504;1000;798;435
N;204000;360;450
N;205000;72;985
N;206000;409;728
S;207000;377;314;1000;317;235
N;209000;396;989
N;210000;541;66
N;211000;851;766
N;212000;303;319
N;213000;433;292
N;214000;570;431
N;215000;837;996
N;216000;725;854
S;217000;416;630;1000;425;728
N;219000;470;356
N;220000;546;343
S;221000;394;893;1000;303;852
N;223000;222;80
N;224000;375;163
N;225000;664;961
N;226000;406;470
N;227000;271;636
N;228000;394;631
N;229000;413;833
N;230000;589;269
S;231000;684;199;1000;782;205
N;233000;150;538
N;234000;559;982
N;235000;139;761
S;236000;164;218;1000;130;311
N;238000;919;35
N;239000;648;404
N;240000;913;310
S;241000;153;810;1000;58;839
S;243000;898;174;1000;906;272
S;245000;740;478;1000;651;433
N;247000;486;101
N;248000;987;341
N;249000;78;124
N;250000;838;161
