# Random 14: platinum_disco.mp3
# H;mapID;songName;bpm;delay;noteRadius;songFile
# N;timing;x;y
# S;time;x;y;duration;x;y

H;14;Random 14: platinum_disco.mp3;117;8;50;platinum_disco.mp3;mirrornoki1.png
N;8000;288;618
N;9000;949;821
N;10000;41;815
N;11000;508;770
N;12000;910;345
N;13000;833;177
N;14000;904;674
N;15000;836;120
N;16000;786;44
N;17000;38;764
S;18000;102;602;1000;45;683
N;20000;62;822
S;21000;463;141;1000;365;122
N;23000;93;400
N;24000;959;518
N;25000;888;811
N;26000;337;435
N;27000;741;105
N;28000;704;108
N;29000;865;14
N;30000;295;354
S;31000;444;677;1000;354;719
N;33000;688;803
N;34000;231;61
N;35000;313;807
N;36000;393;640
N;37000;544;15
N;38000;271;446
N;39000;289;120
S;40000;184;650;1000;282;656
N;42000;505;815
S;43000;148;874;1000;148;775
N;45000;192;980
S;46000;892;839;1000;963;770
S;48000;760;229;1000;707;313
N;50000;921;517
N;51000;362;75
N;52000;540;877
N;53000;156;493
N;54000;437;104
N;55000;279;881
N;56000;825;126
N;57000;446;24
N;58000;831;38
N;59000;418;898
N;60000;887;717
N;61000;902;1000
N;62000;919;446
N;63000;522;325
N;64000;349;174
N;65000;278;344
S;66000;299;118;1000;202;142
S;68000;795;268;1000;716;208
S;70000;670;246;1000;649;149
S;72000;388;695;1000;338;780
N;74000;93;330
N;75000;950;287
N;76000;226;73
N;77000;974;70
N;78000;857;285
N;79000;523;229
N;80000;436;795
N;81000;997;454
S;82000;347;179;1000;266;236
N;84000;765;898
N;85000;382;105
N;86000;520;840
N;87000;713;34
N;88000;228;469
N;89000;333;581
S;90000;855;203;1000;756;211
N;92000;828;981
S;93000;871;761;1000;966;735
N;95000;29;29
N;96000;828;483
N;97000;796;127
N;98000;632;423
N;99000;689;758
S;100000;427;197;1000;516;239
N;102000;599;45
N;103000;308;790
N;104000;68;357
N;105000;134;272
N;106000;387;493
N;107000;396;551
S;108000;170;694;1000;71;688
N;110000;877;259
N;111000;137;276
N;112000;718;658
N;113000;47;340
S;114000;416;143;1000;371;231
S;116000;772;134;1000;846;68
N;118000;589;304
S;119000;182;506;1000;270;550
N;121000;964;961
N;122000;722;923
S;123000;517;395;1000;504;493
N;125000;257;261
N;126000;988;689
N;127000;417;701
N;128000;431;171
N;129000;5;736
N;130000;358;266
S;131000;630;375;1000;531;374
S;133000;315;455;1000;410;479
S;135000;664;531;1000;597;604
N;137000;395;562
N;138000;655;620
N;139000;129;123
N;140000;963;607
N;141000;369;900
N;142000;480;822
N;143000;53;548
N;144000;46;232
N;145000;55;892
N;146000;668;716
N;147000;67;684
N;148000;17;906
N;149000;696;392
N;150000;169;158
S;151000;770;685;1000;676;652
S;153000;190;467;1000;152;375
N;155000;157;812
N;156000;303;689
S;157000;773;288;1000;691;231
S;159000;638;472;1000;729;510
N;161000;469;551
S;162000;642;803;1000;669;707
N;164000;901;140
S;165000;160;313;1000;61;313
N;167000;126;855
N;168000;474;890
N;169000;303;944
S;170000;646;702;1000;625;798
S;172000;689;340;1000;658;434
N;174000;688;779
N;175000;235;390
N;176000;779;103
N;177000;852;383
S;178000;828;271;1000;746;327
N;180000;903;574
S;181000;398;681;1000;299;689
N;183000;685;545
S;184000;373;634;1000;349;537
N;186000;536;863
N;187000;476;639
N;188000;759;624
N;189000;702;947
N;190000;781;960
N;191000;845;979
S;192000;566;878;1000;661;903
N;194000;210;313
N;195000;360;441
N;196000;905;54
N;197000;858;543
N;198000;901;513
N;199000;794;144
N;200000;246;50
S;201000;827;237;1000;890;160
N;203000;307;44
S;204000;346;151;1000;254;114
N;206000;631;248
N;207000;518;14
N;208000;111;374
S;209000;660;826;1000;754;856
S;211000;354;303;1000;439;353
S;213000;602;221;1000;613;319
S;215000;885;374;1000;807;435
N;217000;578;133
N;218000;926;300
N;219000;993;388
N;220000;310;510
N;221000;137;767
N;222000;45;812
S;223000;190;317;1000;203;218
N;225000;816;106
N;226000;934;310
S;227000;674;150;1000;758;201
S;229000;170;113;1000;251;169
N;231000;210;157
N;232000;526;686
N;233000;400;545
N;234000;532;102
N;235000;887;920
N;236000;91;18
S;237000;293;652;1000;198;622
S;239000;893;527;1000;986;493
N;241000;637;78
N;242000;551;272
N;243000;434;68
N;244000;721;850
N;245000;521;758
S;246000;725;672;1000;809;620
N;248000;462;322
N;249000;707;322
N;250000;929;555
