# Random 11: renai_circulation.mp3
# H;mapID;songName;bpm;delay;noteRadius;songFile
# N;timing;x;y
# S;time;x;y;duration;x;y

H;11;Random 11: renai_circulation.mp3;120;8;50;renai_circulation.mp3;senshiknife.png
N;8000;815;71
S;9000;577;359;1000;663;406
N;11000;534;568
N;12000;466;358
N;13000;89;990
N;14000;418;928
S;15000;606;866;1000;614;964
N;17000;65;888
S;18000;495;757;1000;396;770
N;20000;948;804
N;21000;748;436
S;22000;182;871;1000;233;955
S;24000;618;222;1000;523;191
S;26000;559;599;1000;461;582
N;28000;726;966
S;29000;178;857;1000;276;854
N;31000;544;54
N;32000;632;496
S;33000;584;488;1000;622;579
N;35000;584;496
N;36000;453;22
N;37000;717;288
N;38000;62;911
N;39000;775;620
N;40000;398;309
S;41000;787;811;1000;735;726
N;43000;226;230
S;44000;198;573;1000;116;516
N;46000;253;568
N;47000;937;204
N;48000;76;719
N;49000;392;204
N;50000;729;754
N;51000;775;683
N;52000;35;743
N;53000;53;207
N;54000;75;363
S;55000;396;779;1000;341;861
N;57000;366;970
N;58000;966;726
N;59000;448;672
S;60000;424;716;1000;400;812
S;62000;533;806;1000;543;707
N;64000;522;68
N;65000;742;113
N;66000;827;280
N;67000;396;667
N;68000;36;898
S;69000;385;119;1000;396;217
N;71000;556;817
N;72000;859;378
N;73000;467;315
N;74000;125;288
N;75000;840;317
S;76000;257;205;1000;193;128
N;78000;205;188
N;79000;791;267
N;80000;823;309
S;81000;109;441;1000;10;450
N;83000;267;842
N;84000;208;880
N;85000;290;153
S;86000;588;690;1000;573;592
N;88000;33;909
N;89000;282;626
N;90000;525;707
N;91000;476;438
N;92000;568;477
S;93000;380;290;1000;477;305
N;95000;67;713
S;96000;552;856;1000;635;909
N;98000;143;751
S;99000;312;199;1000;402;157
N;101000;700;666
N;102000;751;770
N;103000;12;654
N;104000;798;236
N;105000;909;256
N;106000;750;88
N;107000;996;785
N;108000;892;131
N;109000;530;634
N;110000;322;492
N;111000;510;722
N;112000;663;50
N;113000;902;400
N;114000;763;269
N;115000;189;917
S;116000;257;669;1000;273;766
N;118000;339;880
N;119000;274;693
S;120000;424;233;1000;518;202
N;122000;423;229
S;123000;240;727;1000;283;815
N;125000;444;738
N;126000;313;44
N;127000;332;23
S;128000;322;367;1000;293;461
N;130000;201;161
N;131000;603;369
N;132000;944;573
N;133000;93;970
N;134000;544;841
N;135000;212;434
N;136000;211;367
N;137000;67;909
S;138000;200;880;1000;220;976
N;140000;349;435
S;141000;291;341;1000;283;439
N;143000;997;496
S;144000;272;212;1000;289;114
N;146000;591;435
N;147000;62;755
S;148000;247;409;1000;234;507
N;150000;401;464
N;151000;626;411
N;152000;0;854
N;153000;295;756
N;154000;289;984
N;155000;877;992
S;156000;542;159;1000;461;101
N;158000;316;745
N;159000;119;795
N;160000;953;204
S;161000;183;303;1000;200;400
N;163000;13;973
N;164000;951;645
S;165000;810;830;1000;907;815
N;167000;959;364
N;168000;832;801
N;169000;341;720
N;170000;487;219
S;171000;303;442;1000;212;482
N;173000;25;633
N;174000;970;243
N;175000;832;407
S;176000;492;312;1000;395;291
S;178000;671;554;1000;572;546
N;180000;665;326
N;181000;463;332
N;182000;395;835
N;183000;107;940
S;184000;850;575;1000;775;510
N;186000;563;830
N;187000;381;64
S;188000;892;775;1000;850;864
S;190000;672;509;1000;689;411
N;192000;154;721
N;193000;743;284
N;194000;217;943
N;195000;883;752
N;196000;678;729
S;197000;224;742;1000;321;727
N;199000;33;424
N;200000;803;811
N;201000;562;608
N;202000;111;977
N;203000;944;311
N;204000;965;836
N;205000;411;685
S;206000;828;485;1000;730;501
N;208000;204;380
N;209000;443;49
S;210000;160;823;1000;227;750
S;212000;146;301;1000;117;395
N;214000;452;46
S;215000;782;473;1000;798;570
S;217000;347;783;1000;315;876
N;219000;45;83
N;220000;372;727
N;221000;771;430
S;222000;647;766;1000;688;676
N;224000;190;458
N;225000;743;334
S;226000;809;878;1000;812;779
N;228000;338;693
S;229000;302;888;1000;223;827
N;231000;333;313
N;232000;292;762
N;233000;214;563
S;234000;521;803;1000;478;713
N;236000;340;329
N;237000;171;81
S;238000;143;290;1000;143;388
N;240000;550;985
N;241000;993;253
N;242000;7;20
N;243000;309;887
S;244000;112;277;1000;198;325
N;246000;213;343
N;247000;329;296
N;248000;916;300
N;249000;602;457
N;250000;540;778
