# Random 18: platinum_disco.mp3
# H;mapID;songName;bpm;delay;noteRadius;songFile
# N;timing;x;y
# S;time;x;y;duration;x;y

H;18;Random 18: platinum_disco.mp3;117;8;50;platinum_disco.mp3;mirrornoki1.png
S;8000;352;459;1000;369;361
N;10000;599;309
N;11000;12;153
N;12000;940;485
S;13000;372;387;1000;273;400
N;15000;466;929
N;16000;523;744
N;17000;580;182
N;18000;154;535
N;19000;160;775
S;20000;656;177;1000;627;82
N;22000;881;841
N;23000;428;649
N;24000;636;255
S;25000;820;835;1000;796;738
N;27000;320;171
N;28000;479;994
N;29000;649;879
S;30000;613;268;1000;708;295
N;32000;67;812
S;33000;262;252;1000;163;240
N;35000;152;915
N;36000;314;417
N;37000;202;32
N;38000;497;715
N;39000;645;795
N;40000;192;320
S;41000;198;425;1000;288;465
N;43000;803;768
N;44000;173;114
N;45000;137;30
N;46000;660;20
N;47000;576;917
N;48000;152;335
N;49000;216;122
N;50000;720;922
N;51000;315;596
N;52000;948;942
N;53000;670;39
S;54000;469;209;1000;556;254
S;56000;329;354;1000;243;303
S;58000;827;461;1000;925;458
S;60000;737;367;1000;659;428
N;62000;172;381
N;63000;203;378
N;64000;96;261
N;65000;314;992
N;66000;254;646
N;67000;672;165
S;68000;345;336;1000;410;261
N;70000;74;182
N;71000;138;718
N;72000;223;457
N;73000;203;188
N;74000;919;94
N;75000;613;379
S;76000;612;342;1000;616;243
N;78000;456;620
S;79000;325;851;1000;411;802
N;81000;81;308
N;82000;107;17
N;83000;763;260
S;84000;659;619;1000;683;715
N;86000;476;447
N;87000;780;103
N;88000;173;612
N;89000;450;108
N;90000;536;384
N;91000;585;688
N;92000;123;805
S;93000;881;637;1000;970;679
N;95000;740;78
S;96000;554;598;1000;521;504
N;98000;676;682
N;99000;381;448
S;100000;653;348;1000;555;331
N;102000;944;607
S;103000;641;249;1000;550;289
S;105000;875;583;1000;949;647
N;107000;25;898
N;108000;221;455
S;109000;771;696;1000;858;742
S;111000;205;562;1000;296;525
S;113000;602;365;1000;543;285
S;115000;529;598;1000;442;549
N;117000;525;584
N;118000;41;648
N;119000;409;273
N;120000;665;379
S;121000;532;224;1000;449;278
S;123000;851;362;1000;861;460
N;125000;926;116
S;126000;210;303;1000;308;301
S;128000;869;204;1000;966;218
N;130000;699;158
S;131000;482;324;1000;527;236
N;133000;195;415
N;134000;956;600
S;135000;379;521;1000;317;598
N;137000;403;123
N;138000;968;897
N;139000;813;657
N;140000;958;331
N;141000;436;713
N;142000;310;480
N;143000;415;814
N;144000;932;775
N;145000;910;948
N;146000;83;563
N;147000;346;507
N;148000;196;228
S;149000;475;502;1000;573;515
N;151000;663;590
N;152000;690;260
S;153000;691;264;1000;594;285
N;155000;326;544
S;156000;840;115;1000;908;186
S;158000;415;674;1000;332;618
N;160000;637;27
S;161000;650;897;1000;583;970
N;163000;888;637
S;164000;315;869;1000;346;775
N;166000;112;202
N;167000;989;520
N;168000;879;674
N;169000;825;631
N;170000;253;810
N;171000;961;751
N;172000;235;745
N;173000;952;840
N;174000;681;605
N;175000;240;741
S;176000;383;261;1000;295;214
N;178000;699;604
N;179000;516;254
N;180000;165;83
N;181000;256;721
N;182000;531;276
N;183000;129;11
S;184000;540;382;1000;516;285
S;186000;512;209;1000;413;214
S;188000;351;866;1000;372;962
N;190000;654;334
N;191000;206;425
N;192000;532;761
N;193000;149;711
N;194000;993;622
N;195000;785;405
N;196000;662;949
N;197000;327;709
N;198000;766;314
N;199000;55;566
N;200000;846;474
N;201000;486;363
N;202000;500;352
S;203000;331;232;1000;260;162
N;205000;697;0
S;206000;385;709;1000;286;698
N;208000;770;465
N;209000;451;506
N;210000;648;510
N;211000;82;218
N;212000;303;228
N;213000;527;118
N;214000;479;461
N;215000;65;839
N;216000;464;629
N;217000;264;285
N;218000;608;957
N;219000;746;104
N;220000;688;643
N;221000;617;468
N;222000;993;242
N;223000;874;102
N;224000;183;975
N;225000;286;986
N;226000;462;141
N;227000;466;40
N;228000;362;747
N;229000;158;105
N;230000;522;136
N;231000;659;193
N;232000;25;519
N;233000;114;133
S;234000;397;197;1000;492;223
N;236000;688;107
S;237000;304;683;1000;401;701
N;239000;753;545
N;240000;895;135
S;241000;888;549;1000;979;510
S;243000;739;892;1000;655;839
N;245000;422;394
N;246000;501;625
N;247000;559;230
N;248000;921;798
S;249000;866;743;1000;917;658
