# Random 17: love_dramatic.mp3
# H;mapID;songName;bpm;delay;noteRadius;songFile
# N;timing;x;y
# S;time;x;y;duration;x;y

H;17;Random 17: love_dramatic.mp3;129;8;50;love_dramatic.mp3;nierbackground.jpg
N;8000;850;616
N;9000;10;391
N;10000;107;102
N;11000;341;537
N;12000;930;627
N;13000;759;201
N;14000;448;221
S;15000;659;808;1000;580;747
N;17000;514;310
N;18000;73;949
N;19000;526;174
S;20000;657;604;1000;567;562
S;22000;893;246;1000;801;208
N;24000;867;430
S;25000;628;710;1000;641;611
S;27000;338;595;1000;297;504
S;29000;344;627;1000;305;718
S;31000;152;793;1000;220;721
S;33000;473;614;1000;435;705
N;35000;843;898
N;36000;649;621
N;37000;986;140
N;38000;234;48
N;39000;548;88
N;40000;250;98
N;41000;179;975
N;42000;112;51
N;43000;887;159
N;44000;966;85
N;45000;66;826
S;46000;679;883;1000;777;880
N;48000;2;143
S;49000;648;441;1000;623;536
S;51000;673;309;1000;606;235
N;53000;32;148
N;54000;672;876
S;55000;885;547;1000;789;520
N;57000;565;924
N;58000;764;499
N;59000;214;50
N;60000;542;958
N;61000;751;516
N;62000;353;32
S;63000;502;186;1000;543;96
N;65000;147;189
N;66000;491;936
N;67000;932;33
N;68000;914;296
S;69000;841;425;1000;751;466
N;71000;630;759
S;72000;514;355;1000;561;441
N;74000;613;849
N;75000;496;499
N;76000;749;400
N;77000;0;704
N;78000;120;187
S;79000;860;702;1000;761;705
N;81000;185;703
N;82000;564;633
N;83000;179;905
N;84000;520;567
S;85000;169;361;1000;261;397
N;87000;954;741
N;88000;20;164
S;89000;217;736;1000;157;815
N;91000;101;40
N;92000;885;519
N;93000;633;162
N;94000;915;887
S;95000;859;531;1000;925;457
N;97000;651;733
N;98000;233;90
N;99000;47;97
N;100000;292;140
N;101000;639;810
S;102000;628;464;1000;609;561
N;104000;809;135
N;105000;516;318
N;106000;197;699
S;107000;259;795;1000;340;738
N;109000;139;910
N;110000;560;404
N;111000;663;95
S;112000;403;523;1000;459;604
S;114000;221;251;1000;170;336
N;116000;830;688
N;117000;818;560
N;118000;234;83
S;119000;180;892;1000;173;793
N;121000;352;36
S;122000;874;597;1000;928;679
N;124000;239;593
S;125000;523;459;1000;504;361
S;127000;281;720;1000;182;719
N;129000;884;936
N;130000;596;483
N;131000;562;319
S;132000;736;373;1000;726;274
N;134000;271;947
N;135000;604;429
N;136000;830;203
N;137000;912;263
N;138000;295;710
N;139000;805;650
N;140000;496;338
S;141000;602;732;1000;699;749
N;143000;983;375
N;144000;672;75
N;145000;983;602
S;146000;807;347;1000;874;274
N;148000;781;847
N;149000;868;541
S;150000;444;165;1000;359;112
N;152000;976;595
S;153000;321;273;1000;419;267
N;155000;27;457
N;156000;419;75
S;157000;613;896;1000;537;831
N;159000;107;147
N;160000;848;502
N;161000;373;494
N;162000;528;704
N;163000;406;249
N;164000;582;197
N;165000;541;605
S;166000;478;564;1000;573;590
S;168000;198;607;1000;279;550
N;170000;189;580
S;171000;684;750;1000;673;651
N;173000;825;665
N;174000;714;48
N;175000;709;14
N;176000;623;550
N;177000;999;624
N;178000;77;282
N;179000;32;49
S;180000;285;669;1000;186;667
S;182000;696;738;1000;777;681
N;184000;937;494
N;185000;995;46
N;186000;539;807
N;187000;130;955
S;188000;498;447;1000;526;352
N;190000;836;829
N;191000;413;508
N;192000;207;600
N;193000;245;76
S;194000;105;416;1000;203;404
N;196000;678;703
N;197000;552;720
S;198000;168;236;1000;69;249
N;200000;648;402
N;201000;822;733
N;202000;403;570
N;203000;210;48
N;204000;88;570
N;205000;386;248
S;206000;694;231;1000;789;204
S;208000;379;725;1000;418;634
N;210000;341;446
N;211000;7;286
N;212000;183;326
N;213000;975;614
N;214000;535;333
N;215000;599;379
N;216000;203;18
N;217000;331;664
N;218000;753;594
N;219000;737;515
N;220000;178;831
S;221000;180;648;1000;277;665
N;223000;616;248
N;224000;451;469
N;225000;607;633
N;226000;379;189
S;227000;323;341;1000;228;312
S;229000;350;383;1000;358;284
S;231000;461;623;1000;379;679
N;233000;1;245
N;234000;426;365
N;235000;844;838
N;236000;992;612
N;237000;624;227
N;238000;107;557
N;239000;255;862
N;240000;623;734
N;241000;551;46
N;242000;166;423
S;243000;524;298;1000;617;265
N;245000;207;593
N;246000;829;655
N;247000;727;724
S;248000;649;842;1000;699;757
S;250000;519;199;1000;436;144
N;252000;796;587
N;253000;553;952
N;254000;449;745
N;255000;345;113
N;256000;130;943
N;257000;948;52
N;258000;689;722
