# Random 24: lovers_relations.mp3
# H;mapID;songName;bpm;delay;noteRadius;songFile
# N;timing;x;y
# S;time;x;y;duration;x;y

H;24;Random 24: lovers_relations.mp3;67;8;50;lovers_relations.mp3;fire_background.jpg
N;8000;29;380
N;9000;120;210
N;10000;779;946
S;11000;663;688;1000;584;748
N;13000;630;735
N;14000;471;642
S;15000;656;894;1000;708;809
N;17000;501;501
N;18000;635;676
N;19000;702;801
N;20000;210;901
S;21000;149;588;1000;200;672
S;23000;866;630;1000;844;533
N;25000;342;752
S;26000;195;500;1000;239;411
N;28000;451;611
N;29000;113;135
S;30000;847;774;1000;752;802
N;32000;64;115
N;33000;630;118
S;34000;714;161;1000;688;256
N;36000;509;633
N;37000;456;942
N;38000;746;17
N;39000;192;784
N;40000;735;134
N;41000;126;974
S;42000;889;416;1000;790;422
N;44000;414;174
N;45000;497;713
N;46000;408;3
S;47000;190;474;1000;269;532
N;49000;956;942
N;50000;600;831
S;51000;646;411;1000;642;312
N;53000;981;978
N;54000;886;347
N;55000;671;369
N;56000;752;620
N;57000;795;768
N;58000;771;917
N;59000;583;547
S;60000;760;609;1000;769;510
N;62000;178;489
S;63000;744;247;1000;840;224
N;65000;350;278
N;66000;788;606
N;67000;76;955
N;68000;853;420
N;69000;335;889
N;70000;565;162
N;71000;724;181
N;72000;519;894
N;73000;393;165
N;74000;425;244
N;75000;237;478
S;76000;479;752;1000;434;840
N;78000;901;287
N;79000;498;246
S;80000;838;813;1000;802;720
N;82000;617;287
N;83000;144;583
N;84000;655;594
S;85000;866;513;1000;772;544
S;87000;420;853;1000;335;904
N;89000;625;235
N;90000;942;895
N;91000;705;959
N;92000;613;934
N;93000;173;272
N;94000;128;430
N;95000;574;952
N;96000;421;628
N;97000;900;14
N;98000;581;701
N;99000;499;818
N;100000;960;212
