# Random 10: lovers_relations.mp3
# H;mapID;songName;bpm;delay;noteRadius;songFile
# N;timing;x;y
# S;time;x;y;duration;x;y

H;10;Random 10: lovers_relations.mp3;67;8;50;lovers_relations.mp3;fire_background.jpg
S;8000;295;778;1000;266;872
N;10000;81;506
N;11000;343;209
N;12000;555;444
S;13000;243;639;1000;145;624
N;15000;798;801
S;16000;106;369;1000;147;458
N;18000;381;506
N;19000;687;613
N;20000;129;297
N;21000;527;457
S;22000;202;730;1000;113;685
N;24000;349;444
N;25000;588;887
N;26000;519;744
S;27000;900;835;1000;813;882
N;29000;98;836
N;30000;863;34
N;31000;725;771
N;32000;112;647
N;33000;138;236
N;34000;711;474
N;35000;483;361
N;36000;998;55
N;37000;581;800
S;38000;333;421;1000;343;519
N;40000;835;51
S;41000;126;694;1000;172;606
N;43000;990;85
S;44000;539;304;1000;495;392
N;46000;575;205
N;47000;720;31
N;48000;156;92
N;49000;306;726
N;50000;293;537
S;51000;616;518;1000;534;461
N;53000;935;385
N;54000;283;745
N;55000;559;605
N;56000;675;191
N;57000;199;785
N;58000;213;810
S;59000;793;764;1000;884;727
N;61000;482;503
N;62000;588;457
N;63000;269;740
N;64000;251;872
N;65000;103;563
N;66000;96;346
N;67000;810;735
N;68000;213;889
N;69000;421;73
S;70000;768;285;1000;772;383
S;72000;576;762;1000;594;664
N;74000;83;629
N;75000;11;81
S;76000;186;890;1000;87;889
N;78000;569;449
N;79000;715;776
N;80000;829;774
S;81000;554;551;1000;594;460
N;83000;216;739
N;84000;198;17
N;85000;870;59
S;86000;619;738;1000;666;651
N;88000;315;523
N;89000;231;906
N;90000;426;38
N;91000;710;902
S;92000;461;390;1000;426;482
N;94000;374;429
N;95000;519;18
N;96000;384;898
N;97000;646;58
N;98000;184;525
S;99000;758;466;1000;678;406
