# Random 05: platinum_disco.mp3
# H;mapID;songName;bpm;delay;noteRadius;songFile
# N;timing;x;y
# S;time;x;y;duration;x;y

H;5;Random 05: platinum_disco.mp3;117;8;50;platinum_disco.mp3;mirrornoki1.png
S;8000;619;884;1000;584;791
N;10000;167;249
N;11000;873;449
S;12000;560;676;1000;472;628
N;14000;652;392
S;15000;526;285;1000;521;383
N;17000;934;763
N;18000;937;852
N;19000;676;40
N;20000;159;824
N;21000;625;273
N;22000;471;315
N;23000;930;825
N;24000;196;532
N;25000;736;556
N;26000;684;515
N;27000;553;915
N;28000;346;999
N;29000;821;175
N;30000;885;339
N;31000;355;905
N;32000;251;413
N;33000;328;862
S;34000;720;184;1000;762;94
N;36000;535;374
N;37000;72;188
N;38000;712;808
N;39000;792;894
N;40000;615;386
N;41000;478;349
N;42000;124;203
S;43000;194;192;1000;209;94
N;45000;146;579
N;46000;943;971
N;47000;709;508
N;48000;844;402
N;49000;787;272
S;50000;804;328;1000;792;426
S;52000;524;150;1000;510;248
N;54000;800;829
S;55000;114;133;1000;177;56
S;57000;697;786;1000;707;687
N;59000;621;349
N;60000;200;338
N;61000;263;282
N;62000;823;101
N;63000;262;407
S;64000;871;824;1000;969;823
N;66000;487;809
N;67000;495;601
S;68000;358;622;1000;296;699
N;70000;76;501
N;71000;575;199
N;72000;243;382
N;73000;48;247
N;74000;198;75
N;75000;674;415
S;76000;321;873;1000;419;867
N;78000;551;137
N;79000;573;906
S;80000;887;624;1000;874;525
N;82000;180;258
N;83000;296;491
N;84000;500;982
N;85000;930;103
N;86000;130;162
N;87000;255;804
N;88000;812;404
N;89000;554;889
N;90000;211;729
N;91000;94;458
N;92000;128;113
N;93000;270;392
N;94000;497;205
N;95000;51;263
N;96000;28;854
N;97000;580;935
S;98000;766;525;1000;733;431
N;100000;527;416
S;101000;822;123;1000;772;208
N;103000;906;896
N;104000;853;197
N;105000;706;231
N;106000;273;438
N;107000;1;838
S;108000;835;401;1000;737;385
N;110000;178;117
N;111000;413;408
N;112000;514;834
N;113000;188;530
N;114000;79;171
S;115000;453;603;1000;513;681
N;117000;478;77
N;118000;275;653
N;119000;1000;540
S;120000;399;704;1000;466;631
N;122000;24;406
N;123000;809;782
S;124000;224;689;1000;282;769
N;126000;13;88
N;127000;253;634
S;128000;595;156;1000;608;57
N;130000;349;805
N;131000;542;546
N;132000;966;417
N;133000;903;929
S;134000;487;201;1000;457;295
N;136000;559;738
N;137000;493;732
N;138000;834;744
N;139000;224;308
N;140000;959;107
N;141000;276;415
S;142000;833;877;1000;734;863
N;144000;996;921
N;145000;870;251
N;146000;509;109
N;147000;14;742
N;148000;718;174
N;149000;117;468
N;150000;686;428
S;151000;831;605;1000;732;592
S;153000;761;348;1000;679;291
S;155000;339;373;1000;240;377
S;157000;555;774;1000;609;856
N;159000;406;315
N;160000;40;330
N;161000;224;397
N;162000;81;856
N;163000;157;963
N;164000;606;620
N;165000;478;489
N;166000;829;979
N;167000;92;65
N;168000;332;296
N;169000;923;133
N;170000;497;820
N;171000;395;843
N;172000;202;810
N;173000;54;849
N;174000;174;900
S;175000;114;863;1000;16;844
N;177000;945;840
N;178000;991;518
S;179000;869;239;1000;790;299
S;181000;777;663;1000;725;578
S;183000;170;686;1000;112;605
N;185000;966;267
N;186000;101;584
S;187000;787;577;1000;757;671
N;189000;449;148
N;190000;662;406
S;191000;289;116;1000;381;150
N;193000;510;868
N;194000;258;779
N;195000;268;50
N;196000;853;162
N;197000;169;714
S;198000;123;863;1000;55;790
S;200000;853;199;1000;949;176
N;202000;128;913
S;203000;165;429;1000;152;527
S;205000;532;695;1000;630;686
N;207000;164;907
S;208000;357;569;1000;262;538
N;210000;702;655
N;211000;605;169
S;212000;392;658;1000;312;716
S;214000;453;610;1000;416;517
N;216000;529;780
N;217000;130;934
N;218000;320;575
N;219000;228;499
S;220000;676;896;1000;773;876
N;222000;922;897
N;223000;728;513
N;224000;673;503
N;225000;571;562
N;226000;931;968
S;227000;224;247;1000;254;152
S;229000;357;785;1000;343;686
S;231000;802;532;1000;751;617
S;233000;272;579;1000;259;677
N;235000;26;312
N;236000;51;226
S;237000;390;561;1000;486;583
N;239000;62;287
N;240000;218;654
N;241000;149;304
N;242000;280;979
N;243000;654;708
N;244000;860;648
N;245000;605;328
N;246000;313;72
N;247000;270;863
N;248000;866;967
N;249000;65;864
S;250000;729;170;1000;809;112
