# Random 20: platinum_disco.mp3
# H;mapID;songName;bpm;delay;noteRadius;songFile
# N;timing;x;y
# S;time;x;y;duration;x;y

H;20;Random 20: platinum_disco.mp3;117;8;50;platinum_disco.mp3;mirrornoki1.png
N;8000;624;544
N;9000;740;483
S;10000;219;355;1000;315;333
N;12000;120;14
S;13000;872;491;1000;788;438
S;15000;499;397;1000;407;358
N;17000;451;479
S;18000;451;703;1000;531;760
N;20000;97;13
N;21000;36;953
N;22000;998;755
N;23000;942;610
N;24000;185;701
N;25000;963;465
N;26000;553;373
S;27000;157;236;1000;64;199
S;29000;485;607;1000;509;702
N;31000;130;526
S;32000;324;572;1000;303;668
N;34000;866;520
N;35000;363;337
N;36000;467;95
S;37000;363;323;1000;327;415
N;39000;561;351
N;40000;68;642
S;41000;251;196;1000;313;118
N;43000;239;673
N;44000;831;86
S;45000;225;431;1000;216;332
N;47000;873;421
N;48000;214;564
S;49000;564;586;1000;488;650
S;51000;210;200;1000;289;258
S;53000;590;387;1000;594;288
N;55000;876;273
N;56000;791;109
N;57000;612;370
N;58000;291;40
N;59000;936;564
N;60000;414;38
N;61000;240;61
N;62000;106;999
N;63000;321;653
S;64000;244;173;1000;194;87
N;66000;433;809
S;67000;247;355;1000;240;453
N;69000;751;443
N;70000;392;929
N;71000;59;116
N;72000;330;885
N;73000;52;210
S;74000;316;349;1000;272;437
N;76000;47;649
N;77000;865;202
N;78000;778;787
S;79000;506;275;1000;573;347
N;81000;885;808
N;82000;597;420
N;83000;925;713
N;84000;925;178
N;85000;199;677
N;86000;757;622
N;87000;454;188
N;88000;962;555
S;89000;509;496;1000;513;594
N;91000;279;479
N;92000;267;450
S;93000;105;397;1000;143;305
S;95000;679;183;1000;712;276
N;97000;843;757
N;98000;533;763
S;99000;207;383;1000;118;427
S;101000;183;791;1000;87;766
N;103000;907;324
N;104000;873;454
N;105000;856;604
N;106000;443;189
N;107000;938;459
N;108000;12;885
S;109000;595;649;1000;530;573
S;111000;825;609;1000;842;511
N;113000;606;115
N;114000;332;356
S;115000;805;569;1000;782;665
N;117000;116;177
S;118000;738;750;1000;672;824
S;120000;820;773;1000;777;862
N;122000;280;355
N;123000;651;336
N;124000;296;710
S;125000;275;547;1000;368;578
S;127000;671;374;1000;574;350
S;129000;627;887;1000;564;963
N;131000;343;601
N;132000;278;840
N;133000;588;121
N;134000;373;360
N;135000;769;98
N;136000;519;564
N;137000;769;189
N;138000;201;727
N;139000;968;695
S;140000;219;417;1000;126;380
S;142000;309;703;1000;211;717
N;144000;546;874
N;145000;169;580
N;146000;300;296
N;147000;433;135
N;148000;439;704
N;149000;197;801
N;150000;622;340
N;151000;763;751
N;152000;411;845
N;153000;914;606
S;154000;470;135;1000;487;37
N;156000;648;668
N;157000;515;176
N;158000;183;919
S;159000;895;690;1000;800;661
N;161000;161;686
N;162000;304;399
N;163000;355;966
N;164000;351;826
S;165000;897;227;1000;803;258
N;167000;849;470
N;168000;518;49
N;169000;981;489
N;170000;500;293
N;171000;791;406
N;172000;420;543
N;173000;296;487
N;174000;393;916
N;175000;907;540
N;176000;447;594
S;177000;420;764;1000;467;677
N;179000;340;608
N;180000;492;732
S;181000;622;252;1000;609;350
N;183000;286;165
N;184000;755;491
N;185000;861;564
S;186000;175;736;1000;207;642
S;188000;172;470;1000;103;398
N;190000;895;910
N;191000;124;946
N;192000;806;424
N;193000;256;410
N;194000;540;509
N;195000;500;211
N;196000;119;798
N;197000;312;568
S;198000;670;677;1000;594;612
S;200000;342;763;1000;395;679
N;202000;187;854
N;203000;970;705
S;204000;837;811;1000;791;723
N;206000;826;758
S;207000;202;330;1000;142;250
N;209000;887;223
N;210000;89;747
S;211000;493;453;1000;471;356
N;213000;35;596
N;214000;197;799
N;215000;990;674
N;216000;75;638
N;217000;701;327
N;218000;738;518
N;219000;275;204
N;220000;210;109
N;221000;271;476
N;222000;926;687
N;223000;982;263
N;224000;760;517
N;225000;719;895
N;226000;387;588
N;227000;645;558
N;228000;371;948
N;229000;86;475
N;230000;458;722
N;231000;75;120
N;232000;85;321
N;233000;983;434
N;234000;523;629
N;235000;394;678
N;236000;372;547
N;237000;677;646
N;238000;139;888
N;239000;700;426
N;240000;916;991
S;241000;299;859;1000;226;791
N;243000;503;819
N;244000;229;613
S;245000;519;387;1000;437;442
N;247000;635;732
N;248000;179;484
N;249000;185;867
S;250000;250;849;1000;167;903
