# Random 12: renai_circulation.mp3
# H;mapID;songName;bpm;delay;noteRadius;songFile
# N;timing;x;y
# S;time;x;y;duration;x;y

H;12;Random 12: renai_circulation.mp3;120;8;50;renai_circulation.mp3;senshiknife.png
S;8000;297;821;1000;309;919
N;10000;900;862
N;11000;778;250
N;12000;426;681
N;13000;715;806
N;14000;28;374
N;15000;484;482
S;16000;389;406;1000;343;318
N;18000;483;600
S;19000;862;619;1000;944;564
S;21000;557;528;1000;467;570
S;23000;732;137;1000;804;204
N;25000;228;51
S;26000;232;187;1000;330;180
N;28000;744;592
N;29000;442;433
N;30000;867;952
N;31000;359;675
S;32000;387;658;1000;336;743
N;34000;756;640
N;35000;810;437
S;36000;285;321;1000;193;283
N;38000;930;347
S;39000;112;116;1000;37;50
N;41000;97;424
S;42000;155;499;1000;144;597
S;44000;535;346;1000;459;281
N;46000;714;344
N;47000;667;762
N;48000;815;180
N;49000;959;301
N;50000;123;121
N;51000;170;994
N;52000;588;590
N;53000;463;915
N;54000;580;158
N;55000;537;384
N;56000;280;837
N;57000;347;942
S;58000;442;388;1000;539;404
N;60000;732;227
S;61000;455;628;1000;365;585
N;63000;921;224
N;64000;768;277
N;65000;926;870
S;66000;687;346;1000;589;365
N;68000;143;639
S;69000;436;811;1000;347;766
S;71000;882;475;1000;863;572
S;73000;745;558;1000;647;540
N;75000;908;610
S;76000;252;546;1000;205;633
N;78000;815;659
N;79000;456;310
N;80000;7;969
N;81000;384;608
N;82000;891;625
N;83000;632;530
S;84000;460;152;1000;550;111
N;86000;291;481
N;87000;923;193
S;88000;272;470;1000;315;558
N;90000;229;306
N;91000;1;845
N;92000;229;83
N;93000;466;507
S;94000;805;131;1000;859;48
S;96000;116;434;1000;112;335
N;98000;742;268
N;99000;681;675
N;100000;590;255
S;101000;296;730;1000;361;804
N;103000;712;155
N;104000;42;94
S;105000;421;504;1000;346;569
N;107000;464;813
N;108000;475;900
N;109000;164;4
N;110000;501;308
N;111000;504;752
N;112000;293;745
N;113000;887;621
N;114000;580;275
N;115000;896;421
N;116000;44;721
S;117000;263;719;1000;294;812
S;119000;586;875;1000;642;793
N;121000;367;795
N;122000;105;839
S;123000;714;131;1000;801;83
S;125000;522;686;1000;471;771
S;127000;883;418;1000;784;427
N;129000;174;396
N;130000;449;854
S;131000;127;778;1000;219;743
S;133000;357;659;1000;260;638
N;135000;814;332
N;136000;889;729
N;137000;23;369
N;138000;48;972
S;139000;378;350;1000;279;349
N;141000;528;783
N;142000;519;581
N;143000;934;488
N;144000;611;121
N;145000;594;631
N;146000;960;926
N;147000;994;896
S;148000;628;244;1000;529;248
S;150000;352;266;1000;438;218
S;152000;387;582;1000;480;615
N;154000;748;707
S;155000;856;194;1000;917;271
S;157000;794;875;1000;798;776
N;159000;115;997
N;160000;257;686
S;161000;182;873;1000;90;910
N;163000;209;298
N;164000;236;811
N;165000;566;491
N;166000;781;243
S;167000;212;861;1000;113;850
S;169000;308;503;1000;301;404
N;171000;359;979
N;172000;655;936
N;173000;387;24
S;174000;556;421;1000;546;519
N;176000;788;823
N;177000;678;33
S;178000;447;510;1000;528;566
N;180000;245;743
N;181000;488;337
N;182000;733;604
N;183000;265;993
S;184000;135;227;1000;36;232
N;186000;323;932
N;187000;982;121
N;188000;353;462
S;189000;565;834;1000;466;831
N;191000;120;558
N;192000;318;617
N;193000;161;975
S;194000;436;774;1000;339;752
N;196000;257;373
N;197000;608;242
N;198000;241;333
N;199000;103;136
N;200000;326;352
N;201000;597;833
N;202000;754;76
N;203000;377;792
N;204000;800;83
N;205000;50;379
N;206000;145;763
N;207000;995;641
N;208000;553;63
N;209000;814;623
N;210000;700;355
N;211000;961;478
S;212000;655;843;1000;746;805
S;214000;843;198;1000;790;114
N;216000;628;859
N;217000;806;0
S;218000;457;371;1000;536;311
N;220000;406;652
S;221000;213;247;1000;311;234
N;223000;867;837
N;224000;170;937
N;225000;203;728
N;226000;62;635
N;227000;563;706
N;228000;702;826
S;229000;146;410;1000;200;492
S;231000;348;216;1000;299;302
N;233000;606;869
N;234000;399;396
N;235000;992;893
S;236000;589;685;1000;630;775
N;238000;327;439
N;239000;289;605
N;240000;966;345
N;241000;149;514
S;242000;164;458;1000;121;547
N;244000;344;205
N;245000;254;503
S;246000;647;839;1000;549;857
S;248000;490;872;1000;579;913
N;250000;132;653
