# Random 13: renai_circulation.mp3
# H;mapID;songName;bpm;delay;noteRadius;songFile
# N;timing;x;y
# S;time;x;y;duration;x;y

H;13;Random 13: renai_circulation.mp3;120;8;50;renai_circulation.mp3;senshiknife.png
N;8000;462;229
N;9000;386;992
N;10000;437;92
N;11000;271;238
N;12000;918;74
N;13000;189;171
N;14000;424;179
N;15000;724;387
N;16000;868;415
N;17000;997;705
N;18000;207;661
S;19000;524;348;1000;506;445
N;21000;130;247
N;22000;711;431
N;23000;521;567
S;24000;767;155;1000;862;179
S;26000;710;115;1000;757;201
N;28000;557;320
S;29000;473;652;1000;406;725
N;31000;586;824
N;32000;754;825
N;33000;45;79
N;34000;331;262
N;35000;357;409
N;36000;976;436
N;37000;489;385
N;38000;422;378
N;39000;837;512
N;40000;184;757
N;41000;924;266
N;42000;489;771
N;43000;998;594
S;44000;151;564;1000;244;532
N;46000;631;955
S;47000;309;280;1000;211;260
N;49000;678;675
N;50000;375;295
S;51000;387;856;1000;423;764
N;53000;500;715
N;54000;599;202
N;55000;470;931
S;56000;299;175;1000;264;82
N;58000;353;82
N;59000;981;595
S;60000;492;266;1000;577;216
N;62000;607;874
S;63000;725;898;1000;734;996
N;65000;880;580
N;66000;646;333
S;67000;722;552;1000;623;546
S;69000;164;187;1000;194;92
S;71000;873;517;1000;778;544
S;73000;340;899;1000;243;875
N;75000;282;747
N;76000;614;837
N;77000;339;447
N;78000;534;977
N;79000;41;990
N;80000;701;930
N;81000;0;848
N;82000;223;684
S;83000;334;892;1000;389;810
S;85000;106;534;1000;20;483
S;87000;683;514;1000;683;415
N;89000;497;694
N;90000;261;27
N;91000;252;718
S;92000;340;824;1000;293;736
S;94000;667;255;1000;601;329
N;96000;110;98
N;97000;177;326
N;98000;951;49
N;99000;926;242
N;100000;793;979
S;101000;610;417;1000;694;365
N;103000;641;505
N;104000;395;319
N;105000;156;1000
S;106000;670;890;1000;709;799
N;108000;434;947
N;109000;625;11
N;110000;909;941
N;111000;171;937
N;112000;484;686
N;113000;440;61
N;114000;86;827
N;115000;55;403
N;116000;120;751
N;117000;90;283
N;118000;270;791
S;119000;740;107;1000;680;186
N;121000;567;435
N;122000;158;529
N;123000;154;949
N;124000;602;621
N;125000;945;821
S;126000;803;164;1000;774;69
S;128000;711;153;1000;795;205
S;130000;235;596;1000;322;643
S;132000;342;663;1000;437;636
N;134000;689;105
N;135000;984;131
S;136000;354;774;1000;370;871
S;138000;227;707;1000;279;790
S;140000;821;473;1000;747;406
N;142000;42;835
N;143000;486;435
N;144000;661;117
S;145000;843;199;1000;941;200
N;147000;851;437
S;148000;161;680;1000;248;633
S;150000;304;800;1000;287;897
N;152000;559;949
S;153000;863;749;1000;918;667
N;155000;867;363
N;156000;706;80
N;157000;781;957
N;158000;288;964
N;159000;305;359
S;160000;354;487;1000;385;580
S;162000;400;653;1000;498;659
N;164000;658;667
S;165000;154;154;1000;55;155
N;167000;745;994
N;168000;223;224
S;169000;383;554;1000;476;521
N;171000;284;350
N;172000;65;110
N;173000;96;858
N;174000;473;461
N;175000;262;579
N;176000;423;199
N;177000;391;675
N;178000;616;463
N;179000;167;519
N;180000;612;709
N;181000;257;311
N;182000;741;638
N;183000;183;914
N;184000;998;20
N;185000;198;766
S;186000;734;730;1000;754;826
S;188000;864;571;1000;765;573
S;190000;870;587;1000;853;489
N;192000;451;539
N;193000;202;426
S;194000;479;307;1000;542;382
S;196000;494;894;1000;528;986
S;198000;129;289;1000;33;315
N;200000;181;377
S;201000;333;198;1000;236;220
N;203000;182;644
S;204000;660;238;1000;584;174
N;206000;297;607
N;207000;552;439
N;208000;309;737
N;209000;86;92
N;210000;19;117
N;211000;360;831
N;212000;605;497
N;213000;691;508
N;214000;583;523
S;215000;582;228;1000;661;169
N;217000;627;27
N;218000;150;568
N;219000;449;711
N;220000;245;838
N;221000;36;705
S;222000;574;244;1000;492;187
N;224000;878;657
N;225000;308;651
N;226000;542;203
S;227000;269;739;1000;223;826
N;229000;52;67
S;230000;199;455;1000;235;546
N;232000;886;486
S;233000;505;726;1000;423;669
N;235000;807;689
S;236000;423;348;1000;512;390
N;238000;223;799
S;239000;639;438;1000;541;423
N;241000;999;508
N;242000;215;89
S;243000;698;354;1000;643;436
S;245000;692;410;1000;667;314
S;247000;338;878;1000;383;966
S;249000;477;438;1000;569;403
