# Random 01: love_dramatic.mp3
# H;mapID;songName;bpm;delay;noteRadius;songFile
# N;timing;x;y
# S;time;x;y;duration;x;y

H;1;Random 01: love_dramatic.mp3;129;8;50;love_dramatic.mp3;nierbackground.jpg
N;8000;678;328
S;9000;759;460;1000;666;425
S;11000;615;618;1000;586;523
S;13000;542;623;1000;463;563
N;15000;765;64
S;16000;341;163;1000;326;65
N;18000;632;71
N;19000;446;576
N;20000;665;867
S;21000;509;690;1000;490;592
N;23000;516;963
S;24000;851;553;1000;806;641
N;26000;805;22
S;27000;654;751;1000;561;785
N;29000;69;323
S;30000;620;737;1000;655;829
N;32000;877;403
N;33000;66;183
N;34000;547;403
N;35000;734;417
N;36000;892;364
N;37000;846;279
S;38000;459;667;1000;446;568
N;40000;49;78
N;41000;10;948
S;42000;229;239;1000;257;144
S;44000;330;886;1000;426;907
S;46000;755;526;1000;844;482
N;48000;110;423
N;49000;440;49
N;50000;397;833
N;51000;989;799
N;52000;534;828
N;53000;258;352
N;54000;881;397
N;55000;26;458
N;56000;525;439
N;57000;852;203
N;58000;828;117
N;59000;875;173
N;60000;541;188
S;61000;485;302;1000;390;331
S;63000;788;360;1000;834;272
N;65000;741;767
N;66000;91;368
N;67000;64;392
N;68000;700;363
N;69000;81;265
N;70000;533;824
N;71000;276;446
N;72000;118;353
N;73000;815;863
N;74000;896;46
N;75000;142;276
N;76000;337;226
N;77000;933;68
N;78000;242;9
N;79000;766;685
N;80000;431;242
N;81000;202;317
S;82000;331;343;1000;317;244
S;84000;401;125;1000;496;100
S;86000;270;118;1000;307;209
N;88000;378;574
N;89000;374;479
N;90000;738;693
N;91000;107;332
N;92000;65;15
N;93000;954;411
N;94000;426;445
N;95000;999;309
N;96000;350;263
N;97000;602;562
S;98000;198;281;1000;268;350
S;100000;106;206;1000;34;274
N;102000;339;998
N;103000;180;132
N;104000;112;927
S;105000;856;264;1000;757;261
N;107000;830;205
N;108000;73;173
N;109000;400;27
N;110000;778;276
S;111000;568;655;1000;596;749
N;113000;499;828
S;114000;162;350;1000;248;302
N;116000;10;127
N;117000;844;713
S;118000;531;234;1000;436;265
N;120000;81;994
N;121000;687;440
N;122000;199;355
N;123000;157;763
N;124000;524;582
N;125000;823;259
N;126000;166;83
S;127000;659;125;1000;735;61
S;129000;241;637;1000;301;558
N;131000;832;333
S;132000;231;322;1000;267;413
S;134000;189;233;1000;287;225
S;136000;251;693;1000;335;641
N;138000;148;116
N;139000;810;243
N;140000;892;836
N;141000;818;163
N;142000;939;576
S;143000;379;442;1000;344;534
N;145000;566;769
N;146000;411;355
N;147000;748;286
S;148000;216;805;1000;117;813
N;150000;432;29
N;151000;552;180
N;152000;848;16
S;153000;127;805;1000;221;776
N;155000;697;797
N;156000;95;133
N;157000;460;987
S;158000;233;507;1000;181;591
S;160000;526;866;1000;513;767
S;162000;697;840;1000;723;935
S;164000;526;734;1000;488;642
N;166000;140;284
S;167000;667;620;1000;661;521
N;169000;984;36
N;170000;125;635
S;171000;826;844;1000;878;928
N;173000;702;240
S;174000;214;177;1000;121;142
S;176000;361;448;1000;332;542
S;178000;499;579;1000;409;536
N;180000;459;763
S;181000;322;353;1000;229;387
N;183000;77;259
N;184000;940;65
N;185000;619;918
N;186000;437;190
S;187000;180;729;1000;195;631
N;189000;935;323
N;190000;12;462
N;191000;398;146
N;192000;612;328
N;193000;629;903
N;194000;858;90
N;195000;137;235
N;196000;27;52
N;197000;569;576
N;198000;844;941
S;199000;295;515;1000;222;447
N;201000;298;383
N;202000;644;32
N;203000;383;234
N;204000;701;480
N;205000;235;764
S;206000;133;291;1000;63;361
S;208000;881;452;1000;864;354
N;210000;426;418
N;211000;15;323
N;212000;190;483
N;213000;935;770
S;214000;887;200;1000;813;266
S;216000;789;838;1000;877;793
N;218000;523;12
N;219000;977;200
N;220000;838;372
N;221000;431;503
N;222000;956;337
N;223000;6;711
N;224000;377;825
N;225000;113;229
N;226000;862;251
N;227000;549;542
N;228000;714;481
N;229000;572;958
N;230000;230;295
N;231000;384;708
N;232000;596;49
S;233000;110;510;1000;51;589
S;235000;700;250;1000;655;338
N;237000;715;881
N;238000;540;92
N;239000;166;560
S;240000;481;381;1000;406;315
N;242000;538;528
N;243000;478;882
N;244000;962;85
S;245000;533;599;1000;624;636
N;247000;909;965
N;248000;27;367
N;249000;903;106
N;250000;728;713
N;251000;391;669
S;252000;592;638;1000;684;601
N;254000;188;942
N;255000;778;506
N;256000;753;306
N;257000;229;723
N;258000;662;844
