# Random 27: lovers_relations.mp3
# H;mapID;songName;bpm;delay;noteRadius;songFile
# N;timing;x;y
# S;time;x;y;duration;x;y

H;27;Random 27: lovers_relations.mp3;67;8;50;lovers_relations.mp3;fire_background.jpg
S;8000;768;183;1000;712;264
N;10000;849;476
N;11000;323;831
N;12000;797;539
N;13000;684;528
S;14000;132;524;1000;225;556
S;16000;556;795;1000;650;766
N;18000;636;284
N;19000;985;526
N;20000;819;48
S;21000;120;405;1000;185;479
N;23000;224;474
N;24000;565;188
N;25000;882;466
S;26000;424;538;1000;325;546
S;28000;895;437;1000;990;462
S;30000;712;656;1000;616;681
N;32000;1000;853
S;33000;324;100;1000;245;39
N;35000;456;817
N;36000;826;606
N;37000;1;23
N;38000;982;34
N;39000;361;6
N;40000;912;60
N;41000;883;293
N;42000;832;563
N;43000;755;182
N;44000;38;884
N;45000;990;970
N;46000;686;47
N;47000;89;889
N;48000;481;100
S;49000;556;749;1000;654;743
N;51000;958;373
N;52000;369;702
S;53000;263;212;1000;179;265
N;55000;171;940
N;56000;540;57
S;57000;694;626;1000;599;595
N;59000;261;677
N;60000;291;538
S;61000;558;152;1000;655;132
N;63000;195;886
N;64000;365;717
S;65000;292;622;1000;328;530
N;67000;900;521
N;68000;702;485
N;69000;667;973
S;70000;266;196;1000;333;123
S;72000;641;716;1000;542;722
N;74000;696;161
N;75000;328;203
N;76000;298;627
N;77000;455;467
N;78000;872;887
N;79000;676;991
N;80000;916;164
N;81000;279;895
S;82000;744;355;1000;646;372
N;84000;512;4
N;85000;652;569
N;86000;950;332
N;87000;712;256
S;88000;702;880;1000;765;804
N;90000;422;433
S;91000;344;232;1000;411;159
N;93000;632;395
S;94000;474;679;1000;515;588
S;96000;420;287;1000;432;385
N;98000;491;616
S;99000;314;674;1000;255;594
