# Random 23: platinum_disco.mp3
# H;mapID;songName;bpm;delay;noteRadius;songFile
# N;timing;x;y
# S;time;x;y;duration;x;y

H;23;Random 23: platinum_disco.mp3;117;8;50;platinum_disco.mp3;mirrornoki1.png
S;8000;743;169;1000;654;212
N;10000;420;785
N;11000;860;306
S;12000;543;170;1000;449;201
N;14000;445;844
N;15000;871;673
S;16000;309;516;1000;405;537
N;18000;189;969
N;19000;798;835
S;20000;879;130;1000;977;136
S;22000;827;261;1000;866;170
N;24000;624;811
N;25000;14;250
N;26000;100;733
N;27000;838;156
S;28000;440;668;1000;365;733
N;30000;712;848
N;31000;27;755
N;32000;632;895
N;33000;458;495
N;34000;218;434
N;35000;188;151
N;36000;393;965
S;37000;257;541;1000;305;454
N;39000;465;635
S;40000;396;326;1000;436;235
S;42000;118;635;1000;23;606
N;44000;191;690
N;45000;276;731
S;46000;688;592;1000;786;593
N;48000;900;697
S;49000;598;830;1000;646;743
N;51000;978;816
N;52000;542;464
S;53000;373;715;1000;444;782
S;55000;376;742;1000;408;835
S;57000;490;602;1000;474;504
N;59000;735;542
N;60000;753;352
N;61000;643;809
N;62000;622;632
S;63000;692;399;1000;753;321
S;65000;431;521;1000;480;435
N;67000;647;500
N;68000;46;678
S;69000;719;857;1000;633;806
N;71000;156;138
N;72000;573;281
N;73000;812;400
N;74000;584;883
N;75000;391;459
N;76000;393;455
N;77000;991;753
N;78000;652;910
N;79000;778;612
N;80000;395;130
S;81000;681;613;1000;722;522
N;83000;441;794
N;84000;268;803
S;85000;899;560;1000;865;466
N;87000;426;458
N;88000;80;312
S;89000;458;821;1000;556;807
N;91000;833;134
N;92000;811;382
N;93000;427;919
S;94000;501;184;1000;407;152
N;96000;509;91
S;97000;401;230;1000;376;133
N;99000;942;714
N;100000;314;477
N;101000;237;385
S;102000;820;577;1000;724;602
N;104000;966;41
N;105000;647;325
N;106000;548;286
S;107000;526;751;1000;618;716
S;109000;608;628;1000;678;558
N;111000;426;826
N;112000;674;740
S;113000;449;802;1000;350;801
N;115000;851;271
S;116000;441;571;1000;427;472
N;118000;814;285
N;119000;851;628
N;120000;943;550
N;121000;676;469
N;122000;203;636
N;123000;273;96
S;124000;520;173;1000;540;76
S;126000;283;614;1000;187;588
N;128000;530;124
N;129000;13;474
N;130000;916;560
N;131000;740;534
N;132000;45;341
N;133000;735;908
S;134000;173;555;1000;74;555
S;136000;718;161;1000;619;165
S;138000;359;407;1000;263;380
N;140000;677;621
N;141000;734;790
S;142000;271;498;1000;189;554
S;144000;847;571;1000;925;631
S;146000;619;143;1000;528;182
N;148000;123;866
N;149000;521;450
N;150000;813;272
N;151000;254;841
N;152000;392;574
N;153000;712;97
N;154000;365;485
S;155000;485;671;1000;399;621
S;157000;783;103;1000;718;177
N;159000;579;697
S;160000;359;546;1000;455;522
N;162000;85;34
S;163000;556;670;1000;603;582
N;165000;774;659
S;166000;354;603;1000;255;614
N;168000;628;717
N;169000;32;514
N;170000;701;393
S;171000;321;173;1000;408;219
S;173000;632;477;1000;722;436
N;175000;722;245
S;176000;454;125;1000;365;79
N;178000;310;883
N;179000;522;56
S;180000;355;317;1000;275;257
N;182000;206;835
N;183000;532;99
S;184000;284;570;1000;252;476
S;186000;892;714;1000;814;652
N;188000;243;110
N;189000;730;755
N;190000;683;801
S;191000;888;195;1000;876;293
N;193000;372;851
N;194000;817;66
N;195000;696;933
N;196000;478;551
N;197000;725;593
N;198000;449;187
N;199000;43;646
N;200000;722;809
N;201000;822;337
N;202000;923;917
S;203000;539;741;1000;450;697
N;205000;654;472
N;206000;862;119
N;207000;559;61
S;208000;491;843;1000;394;863
N;210000;167;667
N;211000;211;567
N;212000;372;426
N;213000;970;453
S;214000;126;762;1000;200;827
N;216000;752;317
S;217000;173;284;1000;102;214
N;219000;844;822
N;220000;170;447
N;221000;337;485
N;222000;647;452
S;223000;717;203;1000;627;160
N;225000;391;716
N;226000;844;556
N;227000;748;986
S;228000;162;722;1000;200;813
N;230000;880;328
N;231000;806;442
N;232000;413;592
N;233000;283;954
N;234000;947;489
N;235000;588;617
S;236000;650;213;1000;573;149
N;238000;482;106
N;239000;311;516
N;240000;434;800
S;241000;259;421;1000;348;379
N;243000;823;498
N;244000;513;375
N;245000;844;759
S;246000;617;834;1000;712;806
N;248000;842;243
S;249000;791;196;1000;816;100
