# Random 25: love_dramatic.mp3
# H;mapID;songName;bpm;delay;noteRadius;songFile
# N;timing;x;y
# S;time;x;y;duration;x;y

H;25;Random 25: love_dramatic.mp3;129;8;50;love_dramatic.mp3;nierbackground.jpg
N;8000;709;80
N;9000;303;374
S;10000;410;653;1000;416;751
N;12000;473;604
N;13000;890;31
S;14000;854;556;1000;765;600
N;16000;195;727
N;17000;517;955
S;18000;478;196;1000;467;294
S;20000;864;140;1000;844;43
N;22000;343;237
N;23000;780;58
S;24000;444;695;1000;462;792
N;26000;329;160
S;27000;335;476;1000;236;480
S;29000;381;800;1000;423;710
N;31000;665;237
N;32000;349;676
N;33000;183;267
N;34000;621;749
N;35000;482;79
N;36000;820;230
N;37000;387;721
N;38000;635;366
N;39000;404;975
N;40000;503;320
N;41000;705;940
N;42000;82;159
S;43000;559;717;1000;651;752
N;45000;810;581
N;46000;605;450
N;47000;188;622
N;48000;388;259
S;49000;646;265;1000;584;342
S;51000;489;279;1000;556;206
N;53000;316;642
N;54000;896;492
N;55000;800;935
N;56000;548;278
N;57000;154;640
N;58000;293;530
N;59000;348;776
N;60000;832;328
N;61000;858;353
S;62000;644;304;1000;735;340
N;64000;368;718
N;65000;118;11
S;66000;419;859;1000;471;943
N;68000;260;764
N;69000;558;931
N;70000;704;337
N;71000;526;644
N;72000;636;515
N;73000;145;894
N;74000;391;219
N;75000;506;925
S;76000;739;340;1000;727;438
N;78000;64;864
N;79000;371;857
S;80000;405;874;1000;431;969
N;82000;212;249
S;83000;501;870;1000;403;852
N;85000;587;764
N;86000;166;842
N;87000;803;89
N;88000;648;458
S;89000;453;399;1000;456;497
N;91000;392;670
N;92000;348;884
S;93000;148;776;1000;49;772
N;95000;6;432
N;96000;623;73
N;97000;628;887
S;98000;260;272;1000;172;225
N;100000;493;966
N;101000;28;441
N;102000;556;98
S;103000;753;686;1000;836;633
N;105000;385;572
N;106000;616;234
N;107000;460;298
N;108000;717;804
N;109000;41;602
N;110000;801;513
S;111000;354;693;1000;420;766
N;113000;477;484
N;114000;322;334
S;115000;497;681;1000;595;681
N;117000;604;202
N;118000;83;351
N;119000;142;238
N;120000;737;550
S;121000;387;595;1000;395;693
S;123000;441;715;1000;481;624
S;125000;807;606;1000;905;617
N;127000;202;194
S;128000;440;487;1000;440;585
N;130000;430;976
N;131000;334;533
S;132000;674;780;1000;582;743
S;134000;262;824;1000;360;819
S;136000;598;584;1000;693;611
N;138000;181;952
S;139000;492;860;1000;419;926
N;141000;522;726
S;142000;565;372;1000;610;284
N;144000;82;573
N;145000;117;558
N;146000;993;691
N;147000;152;836
N;148000;701;4
S;149000;635;445;1000;663;350
N;151000;225;333
N;152000;977;1
N;153000;568;310
N;154000;353;426
N;155000;51;411
S;156000;644;900;1000;741;918
N;158000;890;421
N;159000;481;699
N;160000;811;79
N;161000;408;907
N;162000;517;441
N;163000;134;904
N;164000;332;693
S;165000;480;138;1000;565;87
S;167000;520;220;1000;521;121
N;169000;852;515
S;170000;311;691;1000;409;699
N;172000;461;43
S;173000;462;534;1000;547;483
N;175000;934;919
S;176000;540;380;1000;626;427
N;178000;838;109
N;179000;809;849
N;180000;535;45
S;181000;385;137;1000;393;38
N;183000;280;297
N;184000;543;536
N;185000;251;555
S;186000;136;830;1000;46;786
N;188000;472;173
N;189000;926;21
S;190000;584;113;1000;665;56
N;192000;91;631
N;193000;212;144
N;194000;197;611
S;195000;381;836;1000;282;850
N;197000;428;672
S;198000;608;138;1000;576;44
N;200000;901;612
S;201000;896;251;1000;948;167
N;203000;75;978
S;204000;480;104;1000;424;22
N;206000;339;223
N;207000;996;826
N;208000;778;379
N;209000;553;215
S;210000;114;803;1000;184;733
N;212000;345;344
N;213000;696;537
N;214000;115;385
N;215000;634;56
N;216000;129;924
S;217000;874;790;1000;837;698
N;219000;250;453
N;220000;547;476
S;221000;128;323;1000;65;246
N;223000;542;875
N;224000;496;113
N;225000;380;556
S;226000;186;451;1000;200;353
N;228000;895;446
S;229000;446;336;1000;403;246
N;231000;599;482
S;232000;385;344;1000;327;424
N;234000;194;69
N;235000;151;367
N;236000;502;129
N;237000;887;215
N;238000;592;309
N;239000;270;686
N;240000;421;642
S;241000;384;371;1000;373;272
N;243000;66;366
S;244000;208;654;1000;306;651
S;246000;331;818;1000;425;848
S;248000;508;817;1000;462;728
N;250000;280;552
N;251000;872;910
S;252000;229;446;1000;131;426
N;254000;802;692
N;255000;802;320
N;256000;719;15
S;257000;260;654;1000;267;555
