# Random 03: lovers_relations.mp3
# H;mapID;songName;bpm;delay;noteRadius;songFile
# N;timing;x;y
# S;time;x;y;duration;x;y

H;3;Random 03: lovers_relations.mp3;67;8;50;lovers_relations.mp3;fire_background.jpg
N;8000;775;641
N;9000;118;208
N;10000;459;89
N;11000;565;624
N;12000;2;272
N;13000;232;999
N;14000;31;997
N;15000;576;128
N;16000;160;140
N;17000;310;177
N;18000;958;745
N;19000;801;96
N;20000;611;384
S;21000;142;158;1000;109;64
N;23000;328;450
S;24000;259;203;1000;348;244
S;26000;129;459;1000;144;556
N;28000;851;494
N;29000;300;776
N;30000;918;760
S;31000;239;874;1000;252;775
S;33000;392;724;1000;348;812
S;35000;665;466;1000;619;553
N;37000;746;815
N;38000;81;439
N;39000;7;564
N;40000;753;487
S;41000;206;430;1000;125;488
S;43000;229;802;1000;176;717
S;45000;874;527;1000;777;503
S;47000;568;544;1000;553;641
N;49000;512;466
N;50000;414;519
S;51000;253;411;1000;329;473
S;53000;189;631;1000;91;611
N;55000;242;105
N;56000;629;30
N;57000;923;187
N;58000;948;520
N;59000;664;940
N;60000;405;441
N;61000;203;799
S;62000;226;304;1000;180;392
N;64000;318;775
S;65000;809;572;1000;808;473
N;67000;815;553
S;68000;810;414;1000;761;327
S;70000;432;356;1000;454;452
N;72000;918;909
N;73000;599;417
N;74000;15;204
N;75000;355;942
N;76000;961;145
N;77000;356;275
N;78000;602;960
N;79000;318;730
N;80000;7;545
N;81000;32;232
N;82000;503;500
N;83000;592;993
S;84000;197;267;1000;99;247
N;86000;793;773
N;87000;993;151
N;88000;210;492
N;89000;18;856
N;90000;160;317
N;91000;300;14
N;92000;870;887
N;93000;599;100
N;94000;474;937
S;95000;333;129;1000;419;80
N;97000;680;444
N;98000;961;529
N;99000;208;500
N;100000;171;264
