# Random 22: renai_circulation.mp3
# H;mapID;songName;bpm;delay;noteRadius;songFile
# N;timing;x;y
# S;time;x;y;duration;x;y

H;22;Random 22: renai_circulation.mp3;120;8;50;renai_circulation.mp3;senshiknife.png
N;8000;749;716
S;9000;397;452;1000;324;519
S;11000;745;354;1000;659;304
N;13000;160;850
S;14000;517;528;1000;592;464
S;16000;634;284;1000;553;341
N;18000;400;157
N;19000;105;314
S;20000;689;811;1000;606;756
N;22000;810;970
N;23000;129;863
N;24000;561;212
N;25000;863;476
S;26000;185;376;1000;90;406
N;28000;102;768
S;29000;574;735;1000;666;698
N;31000;273;792
N;32000;471;854
S;33000;757;806;1000;729;901
N;35000;291;321
N;36000;782;514
S;37000;264;571;1000;205;491
N;39000;373;340
N;40000;902;844
S;41000;425;148;1000;377;61
N;43000;998;555
S;44000;781;249;1000;723;329
N;46000;816;492
N;47000;578;517
N;48000;84;790
N;49000;33;860
N;50000;293;214
N;51000;987;73
S;52000;731;881;1000;633;865
N;54000;411;32
S;55000;658;193;1000;559;193
N;57000;521;310
N;58000;16;973
N;59000;575;587
N;60000;907;551
N;61000;248;504
S;62000;421;267;1000;508;312
N;64000;286;977
N;65000;236;151
N;66000;554;373
S;67000;381;686;1000;470;644
S;69000;136;114;1000;102;207
N;71000;711;257
S;72000;490;678;1000;395;648
N;74000;155;71
S;75000;577;629;1000;537;719
S;77000;198;250;1000;101;226
N;79000;864;635
N;80000;567;286
S;81000;450;675;1000;376;741
S;83000;717;182;1000;754;90
S;85000;468;584;1000;522;666
N;87000;432;823
S;88000;600;621;1000;514;571
S;90000;622;611;1000;720;609
N;92000;98;577
N;93000;789;17
N;94000;282;546
N;95000;171;579
N;96000;83;219
N;97000;304;365
N;98000;884;952
N;99000;110;6
S;100000;679;137;1000;600;76
N;102000;654;95
N;103000;367;118
N;104000;71;164
S;105000;346;202;1000;265;144
N;107000;659;208
N;108000;362;486
N;109000;873;851
S;110000;515;299;1000;515;200
N;112000;121;976
N;113000;860;395
N;114000;880;478
N;115000;949;598
S;116000;443;325;1000;528;274
N;118000;646;729
N;119000;423;799
N;120000;760;293
N;121000;522;538
N;122000;261;791
N;123000;408;179
S;124000;427;302;1000;523;322
N;126000;810;938
N;127000;803;843
N;128000;626;786
S;129000;878;356;1000;976;357
N;131000;346;224
S;132000;672;662;1000;770;665
N;134000;307;534
N;135000;374;904
S;136000;878;757;1000;976;758
S;138000;654;222;1000;741;268
N;140000;99;735
N;141000;958;101
N;142000;268;544
N;143000;831;475
N;144000;58;862
N;145000;729;344
N;146000;934;352
N;147000;385;809
N;148000;345;322
N;149000;812;303
N;150000;370;134
N;151000;425;660
N;152000;319;523
N;153000;852;1
N;154000;927;723
S;155000;680;798;1000;581;807
S;157000;216;330;1000;311;355
N;159000;959;558
N;160000;257;801
N;161000;358;203
N;162000;647;529
N;163000;700;604
N;164000;960;363
S;165000;805;811;1000;830;715
N;167000;114;957
S;168000;209;466;1000;113;492
S;170000;282;412;1000;186;384
N;172000;59;180
N;173000;953;862
N;174000;962;740
S;175000;762;136;1000;744;233
N;177000;989;984
N;178000;95;194
N;179000;401;588
N;180000;311;31
S;181000;581;319;1000;538;229
N;183000;430;487
S;184000;166;835;1000;70;859
S;186000;849;217;1000;760;260
N;188000;745;355
N;189000;965;711
N;190000;673;822
S;191000;522;883;1000;527;784
N;193000;995;762
N;194000;720;431
N;195000;183;185
S;196000;398;865;1000;496;864
N;198000;707;712
S;199000;212;820;1000;142;749
S;201000;386;785;1000;406;688
S;203000;651;861;1000;644;959
N;205000;322;795
N;206000;98;650
N;207000;49;953
N;208000;231;871
N;209000;79;953
N;210000;671;429
S;211000;848;319;1000;837;220
N;213000;791;405
N;214000;834;669
N;215000;706;680
S;216000;307;721;1000;211;747
N;218000;745;102
S;219000;862;396;1000;827;488
N;221000;597;859
N;222000;657;743
N;223000;597;237
N;224000;752;456
N;225000;845;390
N;226000;887;47
N;227000;968;604
N;228000;328;48
N;229000;813;953
S;230000;473;534;1000;494;437
N;232000;545;320
S;233000;424;822;1000;482;901
N;235000;300;809
N;236000;78;524
N;237000;358;211
N;238000;583;121
N;239000;407;353
N;240000;541;574
S;241000;282;869;1000;195;821
N;243000;250;145
N;244000;301;350
N;245000;715;772
N;246000;609;520
N;247000;970;577
S;248000;296;115;1000;220;50
N;250000;401;407
