# Random 08: lovers_relations.mp3
# H;mapID;songName;bpm;delay;noteRadius;songFile
# N;timing;x;y
# S;time;x;y;duration;x;y

H;8;Random 08: lovers_relations.mp3;67;8;50;lovers_relations.mp3;fire_background.jpg
N;8000;628;619
N;9000;173;513
N;10000;764;719
N;11000;405;946
N;12000;385;87
N;13000;234;135
N;14000;552;573
N;15000;920;47
S;16000;294;517;1000;266;421
S;18000;118;163;1000;202;110
N;20000;669;747
N;21000;808;2
N;22000;822;779
N;23000;107;556
N;24000;842;370
N;25000;617;376
N;26000;557;659
N;27000;208;147
S;28000;761;609;1000;667;640
N;30000;378;775
N;31000;499;22
N;32000;644;493
N;33000;587;298
N;34000;527;662
S;35000;216;389;1000;138;450
S;37000;250;366;1000;157;400
N;39000;847;315
N;40000;814;604
N;41000;63;219
S;42000;256;119;1000;292;26
S;44000;195;178;1000;279;125
S;46000;697;846;1000;600;866
N;48000;636;243
N;49000;953;323
N;50000;826;513
N;51000;225;164
S;52000;388;322;1000;289;325
N;54000;297;156
N;55000;322;911
N;56000;392;763
N;57000;221;939
N;58000;354;498
N;59000;906;763
N;60000;486;649
N;61000;443;169
N;62000;87;812
N;63000;583;857
N;64000;780;926
S;65000;548;673;1000;456;710
N;67000;225;20
N;68000;413;72
N;69000;800;488
S;70000;232;145;1000;296;220
S;72000;430;899;1000;487;818
N;74000;849;847
N;75000;966;804
N;76000;684;245
N;77000;686;317
N;78000;142;759
S;79000;498;358;1000;596;346
N;81000;821;186
N;82000;454;419
N;83000;570;543
N;84000;769;997
N;85000;160;15
S;86000;892;612;1000;794;594
N;88000;40;197
N;89000;841;560
N;90000;593;256
S;91000;154;652;1000;132;748
N;93000;196;437
S;94000;525;695;1000;426;694
N;96000;586;469
N;97000;232;534
N;98000;792;625
N;99000;990;453
N;100000;761;97
