# Random 06: lovers_relations.mp3
# H;mapID;songName;bpm;delay;noteRadius;songFile
# N;timing;x;y
# S;time;x;y;duration;x;y

H;6;Random 06: lovers_relations.mp3;67;8;50;lovers_relations.mp3;fire_background.jpg
N;8000;186;561
N;9000;106;363
N;10000;765;643
S;11000;818;689;1000;722;661
S;13000;423;297;1000;496;230
N;15000;523;459
N;16000;736;369
N;17000;556;295
N;18000;789;304
S;19000;158;291;1000;166;192
N;21000;871;527
N;22000;383;813
N;23000;673;952
N;24000;479;934
N;25000;581;785
N;26000;114;638
N;27000;288;605
N;28000;190;866
N;29000;888;446
S;30000;574;814;1000;546;719
N;32000;7;302
N;33000;852;281
N;34000;376;190
N;35000;44;16
S;36000;458;323;1000;556;318
N;38000;284;550
N;39000;242;784
N;40000;54;185
S;41000;324;852;1000;308;754
N;43000;912;892
N;44000;896;203
N;45000;33;844
N;46000;149;846
N;47000;602;482
N;48000;757;668
S;49000;548;729;1000;618;798
N;51000;376;673
N;52000;303;574
N;53000;179;785
N;54000;948;640
S;55000;788;514;1000;721;586
N;57000;309;710
N;58000;261;155
S;59000;345;561;1000;417;628
N;61000;490;847
S;62000;667;155;1000;693;250
N;64000;231;277
N;65000;328;371
N;66000;53;738
N;67000;804;851
N;68000;570;933
N;69000;127;251
S;70000;702;873;1000;705;774
N;72000;567;187
N;73000;245;842
N;74000;192;780
S;75000;858;482;1000;846;580
N;77000;177;554
N;78000;956;264
N;79000;53;308
N;80000;264;686
S;81000;893;498;1000;947;580
S;83000;693;238;1000;777;186
S;85000;765;572;1000;776;473
N;87000;590;513
N;88000;725;470
S;89000;457;152;1000;368;108
N;91000;770;365
N;92000;512;880
N;93000;402;274
N;94000;862;695
N;95000;36;407
N;96000;101;699
N;97000;894;148
N;98000;864;953
N;99000;405;168
N;100000;536;814
