# Random 16: renai_circulation.mp3
# H;mapID;songName;bpm;delay;noteRadius;songFile
# N;timing;x;y
# S;time;x;y;duration;x;y

H;16;Random 16: renai_circulation.mp3;120;8;50;renai_circulation.mp3;senshiknife.png
N;8000;130;902
N;9000;298;843
N;10000;963;801
N;11000;46;648
S;12000;766;492;1000;797;398
N;14000;750;561
N;15000;164;283
N;16000;788;41
N;17000;821;565
N;18000;126;59
N;19000;923;616
S;20000;607;854;1000;692;904
S;22000;679;367;1000;624;284
S;24000;580;230;1000;492;183
N;26000;234;397
S;27000;499;876;1000;588;834
S;29000;348;653;1000;303;741
N;31000;464;932
N;32000;519;934
N;33000;759;384
S;34000;729;514;1000;800;445
N;36000;311;963
N;37000;830;666
N;38000;246;669
N;39000;337;526
N;40000;56;421
N;41000;813;284
N;42000;428;616
N;43000;379;639
S;44000;212;811;1000;259;723
N;46000;291;764
N;47000;363;145
N;48000;90;92
S;49000;373;196;1000;318;278
N;51000;160;683
S;52000;842;347;1000;767;282
N;54000;812;667
S;55000;286;437;1000;290;535
S;57000;367;688;1000;297;617
N;59000;746;314
N;60000;521;894
N;61000;59;100
N;62000;438;925
S;63000;519;488;1000;520;586
N;65000;566;736
N;66000;63;285
N;67000;660;347
S;68000;464;508;1000;522;588
N;70000;965;236
N;71000;476;53
N;72000;414;955
S;73000;452;280;1000;437;182
S;75000;531;373;1000;435;399
N;77000;725;158
N;78000;277;442
N;79000;658;798
N;80000;571;826
N;81000;274;646
N;82000;704;277
N;83000;764;55
N;84000;86;708
N;85000;932;854
N;86000;203;911
N;87000;70;255
N;88000;61;372
N;89000;922;322
N;90000;566;374
S;91000;231;735;1000;219;636
N;93000;275;408
N;94000;299;968
N;95000;617;817
N;96000;904;89
N;97000;799;773
S;98000;672;826;1000;768;846
S;100000;626;816;1000;666;725
N;102000;623;202
N;103000;686;991
N;104000;794;104
N;105000;449;542
N;106000;835;996
N;107000;760;74
S;108000;794;583;1000;877;635
N;110000;843;341
N;111000;12;67
S;112000;195;428;1000;284;469
N;114000;638;787
N;115000;982;846
N;116000;357;57
N;117000;743;208
S;118000;758;325;1000;837;383
N;120000;303;724
N;121000;631;106
S;122000;752;262;1000;713;170
S;124000;440;550;1000;413;645
N;126000;419;348
N;127000;3;879
S;128000;854;358;1000;771;302
N;130000;509;76
N;131000;318;352
N;132000;337;74
S;133000;882;301;1000;791;340
N;135000;488;597
N;136000;144;597
N;137000;957;113
N;138000;499;872
N;139000;443;69
N;140000;53;18
N;141000;296;691
N;142000;236;191
S;143000;481;835;1000;458;738
S;145000;144;847;1000;96;933
N;147000;649;473
N;148000;584;494
N;149000;172;416
N;150000;410;451
N;151000;951;35
S;152000;422;132;1000;443;228
S;154000;481;166;1000;570;208
N;156000;628;987
S;157000;812;561;1000;863;645
N;159000;449;792
N;160000;258;724
S;161000;146;446;1000;58;492
N;163000;611;982
N;164000;435;874
S;165000;166;772;1000;70;796
S;167000;565;827;1000;663;832
N;169000;124;976
S;170000;759;118;1000;857;121
N;172000;303;801
N;173000;148;206
N;174000;522;106
S;175000;887;715;1000;976;673
N;177000;846;589
S;178000;257;848;1000;172;796
S;180000;681;807;1000;769;762
N;182000;547;537
N;183000;34;702
S;184000;201;278;1000;267;204
N;186000;57;287
N;187000;501;572
N;188000;699;42
N;189000;272;656
S;190000;242;850;1000;339;869
N;192000;800;251
S;193000;735;436;1000;660;500
N;195000;429;660
S;196000;131;841;1000;37;874
S;198000;437;289;1000;525;243
N;200000;728;64
N;201000;766;12
N;202000;886;606
N;203000;773;136
S;204000;608;125;1000;679;193
N;206000;421;676
N;207000;752;109
N;208000;938;432
N;209000;982;610
N;210000;245;839
N;211000;138;447
N;212000;364;838
N;213000;741;733
N;214000;799;40
N;215000;779;71
N;216000;625;560
N;217000;722;310
N;218000;276;637
N;219000;161;646
N;220000;546;147
S;221000;450;164;1000;488;255
N;223000;618;50
N;224000;576;538
N;225000;871;776
S;226000;500;653;1000;510;554
N;228000;381;780
N;229000;141;2
N;230000;398;920
N;231000;338;486
N;232000;102;818
N;233000;260;302
N;234000;131;92
S;235000;339;632;1000;349;730
N;237000;68;132
N;238000;314;888
N;239000;435;685
N;240000;410;435
N;241000;594;468
S;242000;377;424;1000;318;343
N;244000;129;353
S;245000;423;218;1000;325;199
N;247000;651;65
N;248000;193;937
N;249000;621;839
N;250000;129;268
