# Random 04: lovers_relations.mp3
# H;mapID;songName;bpm;delay;noteRadius;songFile
# N;timing;x;y
# S;time;x;y;duration;x;y

H;4;Random 04: lovers_relations.mp3;67;8;50;lovers_relations.mp3;fire_background.jpg
N;8000;457;754
N;9000;774;824
N;10000;285;150
N;11000;846;359
N;12000;430;475
N;13000;211;518
S;14000;456;142;1000;374;85
N;16000;70;47
N;17000;842;652
N;18000;170;920
N;19000;672;56
N;20000;842;238
S;21000;840;809;1000;748;846
S;23000;850;375;1000;923;308
S;25000;515;662;1000;587;594
S;27000;190;886;1000;252;962
S;29000;792;501;1000;829;592
N;31000;36;829
S;32000;363;421;1000;424;343
S;34000;789;679;1000;692;702
N;36000;448;516
N;37000;763;664
N;38000;899;362
S;39000;155;873;1000;78;810
N;41000;830;665
N;42000;950;839
N;43000;980;616
N;44000;787;399
N;45000;667;807
N;46000;43;684
S;47000;445;286;1000;346;281
S;49000;667;684;1000;583;736
N;51000;844;888
N;52000;906;301
N;53000;986;595
N;54000;765;251
N;55000;296;829
N;56000;614;992
S;57000;703;882;1000;667;974
N;59000;246;431
S;60000;532;415;1000;435;438
S;62000;469;347;1000;510;436
N;64000;894;74
N;65000;725;206
N;66000;775;807
S;67000;267;237;1000;271;335
N;69000;271;8
N;70000;555;934
N;71000;242;33
N;72000;695;588
N;73000;71;282
S;74000;184;491;1000;267;438
N;76000;729;367
N;77000;366;680
N;78000;908;536
N;79000;420;840
N;80000;665;655
N;81000;76;720
N;82000;27;495
S;83000;588;881;1000;489;894
N;85000;767;711
S;86000;140;347;1000;56;293
N;88000;733;596
N;89000;990;510
N;90000;857;444
S;91000;813;648;1000;716;627
S;93000;573;122;1000;662;164
S;95000;299;655;1000;200;651
N;97000;643;672
N;98000;743;34
N;99000;858;442
S;100000;415;102;1000;436;5
