# Random 09: love_dramatic.mp3
# H;mapID;songName;bpm;delay;noteRadius;songFile
# N;timing;x;y
# S;time;x;y;duration;x;y

H;9;Random 09: love_dramatic.mp3;129;8;50;love_dramatic.mp3;nierbackground.jpg
N;8000;621;557
S;9000;297;503;1000;291;404
N;11000;148;76
S;12000;431;429;1000;341;471
N;14000;938;103
S;15000;161;482;1000;234;548
N;17000;908;549
N;18000;338;983
N;19000;913;313
N;20000;916;871
N;21000;720;710
N;22000;862;489
S;23000;848;705;1000;825;608
N;25000;649;96
S;26000;494;365;1000;444;279
N;28000;911;280
N;29000;363;50
N;30000;516;227
S;31000;198;107;1000;99;114
N;33000;185;938
N;34000;100;755
N;35000;715;340
S;36000;368;129;1000;443;193
N;38000;378;465
S;39000;798;491;1000;891;523
N;41000;121;396
N;42000;616;986
N;43000;207;882
N;44000;122;348
N;45000;90;570
N;46000;265;138
S;47000;450;829;1000;439;927
S;49000;452;220;1000;540;263
N;51000;767;306
S;52000;235;272;1000;224;370
N;54000;167;84
N;55000;718;819
S;56000;625;805;1000;536;760
N;58000;904;897
N;59000;119;476
N;60000;85;459
N;61000;215;420
N;62000;220;787
N;63000;871;537
N;64000;201;810
N;65000;15;288
S;66000;702;795;1000;741;885
N;68000;585;226
N;69000;261;556
N;70000;263;106
N;71000;740;754
N;72000;296;336
N;73000;611;969
S;74000;176;195;1000;270;164
S;76000;881;365;1000;979;352
N;78000;587;521
N;79000;79;880
N;80000;456;127
S;81000;434;540;1000;532;531
N;83000;904;30
N;84000;416;605
N;85000;456;956
S;86000;169;387;1000;76;421
N;88000;209;685
S;89000;160;417;1000;258;415
N;91000;355;968
N;92000;85;2
N;93000;785;143
N;94000;138;952
N;95000;661;851
S;96000;752;530;1000;849;548
N;98000;887;289
S;99000;325;237;1000;229;261
N;101000;582;147
N;102000;109;451
S;103000;605;106;1000;592;204
N;105000;632;979
N;106000;757;772
N;107000;281;39
N;108000;489;963
N;109000;486;641
N;110000;919;918
N;111000;537;802
N;112000;620;683
S;113000;380;391;1000;282;409
N;115000;256;118
N;116000;379;987
N;117000;425;775
S;118000;323;148;1000;388;73
N;120000;358;720
N;121000;192;554
S;122000;886;535;1000;796;576
N;124000;963;567
S;125000;868;398;1000;799;469
S;127000;554;239;1000;580;143
N;129000;546;765
S;130000;897;871;1000;995;879
N;132000;959;972
N;133000;694;841
N;134000;921;96
S;135000;460;166;1000;551;127
N;137000;925;344
N;138000;983;118
N;139000;165;151
N;140000;197;435
N;141000;724;148
N;142000;361;188
N;143000;248;606
S;144000;653;518;1000;589;442
S;146000;331;209;1000;405;143
N;148000;294;350
N;149000;732;329
N;150000;99;372
N;151000;420;376
N;152000;759;742
S;153000;668;623;1000;727;544
N;155000;264;549
N;156000;631;814
S;157000;470;609;1000;379;567
N;159000;86;116
N;160000;23;610
N;161000;432;613
N;162000;943;921
N;163000;755;415
S;164000;864;118;1000;773;158
N;166000;57;896
S;167000;873;474;1000;856;376
N;169000;752;305
N;170000;29;379
N;171000;648;130
N;172000;632;691
S;173000;631;647;1000;689;567
N;175000;834;834
N;176000;921;460
N;177000;91;260
N;178000;348;227
N;179000;114;112
N;180000;831;696
N;181000;662;175
S;182000;349;221;1000;446;237
N;184000;235;99
N;185000;380;926
N;186000;435;749
S;187000;753;412;1000;717;319
N;189000;590;309
S;190000;261;370;1000;351;330
N;192000;296;119
N;193000;304;112
N;194000;29;317
N;195000;757;856
N;196000;589;808
S;197000;401;470;1000;392;568
N;199000;9;444
N;200000;424;345
N;201000;141;866
N;202000;682;392
N;203000;418;5
N;204000;184;345
S;205000;890;449;1000;921;355
N;207000;637;837
N;208000;281;576
N;209000;362;901
N;210000;612;435
N;211000;499;974
N;212000;504;276
N;213000;158;403
N;214000;208;730
S;215000;535;300;1000;508;204
N;217000;111;46
S;218000;703;600;1000;796;633
N;220000;492;131
N;221000;993;823
N;222000;538;503
N;223000;149;187
N;224000;390;767
S;225000;828;563;1000;924;586
N;227000;683;683
N;228000;470;307
S;229000;360;691;1000;343;593
N;231000;466;43
N;232000;715;521
N;233000;779;293
N;234000;846;379
S;235000;146;660;1000;76;730
N;237000;192;652
N;238000;171;180
N;239000;603;49
N;240000;559;493
N;241000;354;977
N;242000;881;601
S;243000;827;864;1000;794;957
N;245000;754;596
N;246000;697;352
N;247000;738;526
S;248000;164;532;1000;179;434
N;250000;867;143
N;251000;182;543
N;252000;344;715
N;253000;984;606
N;254000;566;835
N;255000;354;909
N;256000;352;334
N;257000;585;71
N;258000;452;201
