# Random 29: love_dramatic.mp3
# H;mapID;songName;bpm;delay;noteRadius;songFile
# N;timing;x;y
# S;time;x;y;duration;x;y

H;29;Random 29: love_dramatic.mp3;129;8;50;love_dramatic.mp3;nierbackground.jpg
S;8000;256;179;1000;320;103
N;10000;198;683
N;11000;645;748
N;12000;890;676
N;13000;215;617
S;14000;621;817;1000;593;721
N;16000;37;210
N;17000;718;470
S;18000;603;431;1000;582;527
N;20000;590;441
N;21000;859;328
N;22000;774;784
N;23000;67;252
N;24000;593;540
S;25000;737;735;1000;777;644
S;27000;672;250;1000;765;218
N;29000;641;516
N;30000;417;139
N;31000;303;603
N;32000;338;210
N;33000;40;461
S;34000;789;249;1000;872;301
S;36000;746;313;1000;766;409
N;38000;582;671
N;39000;995;617
N;40000;729;78
N;41000;807;825
N;42000;346;510
N;43000;65;261
N;44000;416;267
N;45000;665;137
N;46000;70;83
N;47000;920;180
N;48000;459;640
N;49000;770;455
N;50000;670;665
S;51000;844;150;1000;754;192
N;53000;452;710
N;54000;655;999
S;55000;867;613;1000;962;587
S;57000;569;383;1000;638;312
S;59000;839;392;1000;766;324
S;61000;622;188;1000;562;108
N;63000;756;0
N;64000;160;882
S;65000;646;891;1000;739;859
N;67000;54;193
S;68000;525;311;1000;426;322
N;70000;702;366
N;71000;236;239
S;72000;855;530;1000;756;539
N;74000;497;342
N;75000;811;135
N;76000;626;481
N;77000;739;731
N;78000;128;895
N;79000;412;415
N;80000;338;519
N;81000;445;904
N;82000;951;576
N;83000;896;807
N;84000;186;956
N;85000;603;137
N;86000;697;180
N;87000;551;547
N;88000;328;439
N;89000;415;127
N;90000;840;201
N;91000;124;551
S;92000;387;240;1000;317;310
N;94000;135;767
N;95000;594;647
N;96000;44;685
N;97000;545;151
S;98000;495;704;1000;458;795
N;100000;337;438
N;101000;289;147
N;102000;75;606
N;103000;719;633
N;104000;920;58
N;105000;897;861
N;106000;274;211
S;107000;850;126;1000;908;205
S;109000;636;652;1000;728;687
N;111000;966;440
N;112000;313;957
S;113000;330;561;1000;339;462
N;115000;86;570
N;116000;704;540
S;117000;539;832;1000;637;844
S;119000;155;668;1000;253;663
N;121000;435;77
N;122000;959;57
S;123000;377;614;1000;286;653
N;125000;22;176
S;126000;662;178;1000;728;104
N;128000;672;805
S;129000;517;422;1000;457;342
N;131000;400;585
N;132000;305;473
N;133000;11;30
N;134000;497;344
N;135000;639;675
N;136000;875;477
N;137000;521;437
N;138000;694;592
N;139000;625;820
S;140000;242;355;1000;195;267
N;142000;379;423
N;143000;140;778
N;144000;154;336
S;145000;289;413;1000;382;380
N;147000;577;173
N;148000;85;789
N;149000;294;11
S;150000;586;368;1000;520;442
N;152000;824;574
N;153000;467;638
S;154000;368;509;1000;298;438
S;156000;579;826;1000;525;909
N;158000;853;93
N;159000;475;105
N;160000;892;107
N;161000;858;764
N;162000;719;824
N;163000;801;631
S;164000;296;218;1000;373;156
N;166000;882;161
S;167000;403;873;1000;489;824
N;169000;464;692
N;170000;23;887
S;171000;850;558;1000;948;567
N;173000;64;451
N;174000;427;706
N;175000;255;771
N;176000;242;595
N;177000;186;707
N;178000;854;436
N;179000;952;861
N;180000;677;96
N;181000;911;559
N;182000;762;552
N;183000;483;345
N;184000;136;0
N;185000;931;360
N;186000;856;898
N;187000;737;782
N;188000;732;53
N;189000;608;49
S;190000;486;780;1000;393;814
N;192000;666;880
N;193000;184;437
N;194000;560;228
N;195000;593;329
N;196000;834;740
S;197000;802;765;1000;860;845
S;199000;425;315;1000;521;338
N;201000;917;50
N;202000;635;166
S;203000;346;679;1000;436;718
N;205000;423;346
N;206000;195;104
N;207000;37;223
N;208000;259;11
N;209000;960;548
N;210000;363;72
S;211000;774;890;1000;680;858
N;213000;825;929
N;214000;181;958
S;215000;715;528;1000;625;485
N;217000;898;857
S;218000;456;105;1000;360;80
N;220000;971;351
N;221000;18;995
N;222000;334;719
N;223000;930;353
N;224000;419;36
N;225000;423;134
N;226000;20;289
N;227000;447;221
S;228000;353;735;1000;405;818
S;230000;417;558;1000;319;543
N;232000;146;478
N;233000;333;402
N;234000;375;131
N;235000;421;174
S;236000;660;699;1000;752;663
N;238000;516;834
S;239000;852;740;1000;796;821
S;241000;337;120;1000;250;168
N;243000;433;8
N;244000;934;947
N;245000;326;33
N;246000;413;55
N;247000;465;653
S;248000;180;859;1000;83;839
N;250000;918;464
S;251000;327;392;1000;252;327
N;253000;211;709
N;254000;253;124
N;255000;764;411
S;256000;299;135;1000;312;36
S;258000;817;508;1000;913;487
