# Random 21: renai_circulation.mp3
# H;mapID;songName;bpm;delay;noteRadius;songFile
# N;timing;x;y
# S;time;x;y;duration;x;y

H;21;Random 21: renai_circulation.mp3;120;8;50;renai_circulation.mp3;senshiknife.png
N;8000;277;178
N;9000;889;481
N;10000;148;406
N;11000;75;365
S;12000;713;895;1000;713;796
N;14000;154;279
N;15000;354;258
S;16000;796;788;1000;889;821
N;18000;508;693
N;19000;902;411
S;20000;213;845;1000;236;748
N;22000;581;445
N;23000;657;759
N;24000;259;199
N;25000;883;817
N;26000;549;317
N;27000;397;94
N;28000;512;443
N;29000;815;928
S;30000;208;385;1000;109;383
N;32000;793;46
N;33000;843;979
S;34000;204;771;1000;300;790
N;36000;150;480
N;37000;143;48
S;38000;489;386;1000;391;368
S;40000;746;593;1000;662;646
N;42000;559;716
N;43000;84;56
N;44000;612;540
S;45000;889;502;1000;861;406
N;47000;431;499
N;48000;863;190
N;49000;450;336
N;50000;476;632
N;51000;548;213
N;52000;272;632
N;53000;704;851
S;54000;661;459;1000;607;542
N;56000;96;226
S;57000;287;105;1000;205;48
N;59000;602;790
N;60000;86;43
N;61000;620;304
N;62000;915;661
N;63000;751;567
N;64000;647;510
N;65000;975;776
N;66000;807;659
S;67000;562;156;1000;469;191
N;69000;31;598
S;70000;890;733;1000;803;780
N;72000;913;683
N;73000;17;734
N;74000;194;199
S;75000;272;485;1000;363;448
N;77000;317;58
N;78000;585;753
N;79000;978;75
N;80000;312;477
N;81000;998;973
S;82000;435;314;1000;464;408
N;84000;37;514
N;85000;309;11
N;86000;311;133
N;87000;336;323
N;88000;721;368
N;89000;362;352
N;90000;38;900
N;91000;729;398
S;92000;648;400;1000;653;498
N;94000;498;257
N;95000;272;672
N;96000;368;838
N;97000;657;875
N;98000;337;370
N;99000;256;137
N;100000;323;969
S;101000;725;205;1000;788;128
N;103000;393;359
N;104000;456;471
N;105000;490;803
N;106000;119;170
S;107000;730;708;1000;775;795
S;109000;334;242;1000;277;323
N;111000;47;407
N;112000;823;590
N;113000;601;774
N;114000;611;494
N;115000;995;664
N;116000;337;719
S;117000;763;463;1000;687;526
N;119000;83;238
N;120000;826;163
N;121000;942;13
S;122000;878;211;1000;847;116
N;124000;702;892
N;125000;711;117
N;126000;390;544
N;127000;191;585
N;128000;533;860
N;129000;217;454
S;130000;601;680;1000;687;631
N;132000;647;214
N;133000;570;1000
N;134000;526;667
N;135000;822;168
S;136000;534;163;1000;435;159
N;138000;542;69
S;139000;176;731;1000;262;779
N;141000;457;707
N;142000;830;36
N;143000;152;24
N;144000;952;798
N;145000;221;653
N;146000;992;164
S;147000;889;867;1000;872;769
N;149000;676;760
N;150000;167;952
N;151000;803;67
N;152000;107;123
N;153000;972;208
N;154000;430;409
S;155000;657;445;1000;754;463
S;157000;298;143;1000;201;165
N;159000;232;437
N;160000;295;628
N;161000;725;735
S;162000;606;197;1000;682;259
N;164000;534;740
S;165000;295;345;1000;196;350
N;167000;838;587
N;168000;694;310
N;169000;260;465
S;170000;164;815;1000;243;755
N;172000;300;161
N;173000;566;425
N;174000;835;728
N;175000;763;379
N;176000;928;995
N;177000;110;242
S;178000;708;724;1000;705;625
N;180000;969;678
S;181000;413;206;1000;467;288
N;183000;861;199
S;184000;512;243;1000;593;186
S;186000;378;787;1000;474;810
S;188000;178;201;1000;84;168
N;190000;902;882
N;191000;705;657
S;192000;657;720;1000;618;628
S;194000;783;157;1000;713;86
S;196000;269;242;1000;178;202
N;198000;426;572
N;199000;695;282
N;200000;190;82
N;201000;891;86
N;202000;724;253
N;203000;938;243
S;204000;415;855;1000;316;854
N;206000;249;808
N;207000;362;316
N;208000;491;199
S;209000;215;449;1000;122;414
S;211000;729;204;1000;821;167
N;213000;327;136
N;214000;964;911
N;215000;754;26
S;216000;230;509;1000;286;590
N;218000;709;335
N;219000;207;80
N;220000;218;131
N;221000;492;119
S;222000;461;878;1000;530;807
N;224000;552;785
N;225000;332;517
N;226000;613;388
N;227000;578;498
N;228000;63;803
N;229000;70;440
S;230000;847;374;1000;945;370
N;232000;442;113
N;233000;508;554
N;234000;522;142
N;235000;604;297
N;236000;960;160
S;237000;801;410;1000;831;504
S;239000;200;116;1000;298;128
N;241000;103;432
N;242000;32;254
N;243000;85;759
N;244000;311;427
N;245000;913;230
N;246000;936;794
N;247000;259;194
N;248000;518;904
S;249000;520;456;1000;574;538
