# Random 30: lovers_relations.mp3
# H;mapID;songName;bpm;delay;noteRadius;songFile
# N;timing;x;y
# S;time;x;y;duration;x;y

H;30;Random 30: lovers_relations.mp3;67;8;50;lovers_relations.mp3;fire_background.jpg
N;8000;232;80
N;9000;505;798
N;10000;647;835
S;11000;878;104;1000;868;5
N;13000;352;393
N;14000;515;669
S;15000;309;247;1000;230;186
N;17000;176;338
N;18000;620;785
N;19000;416;146
N;20000;232;505
N;21000;141;998
N;22000;767;18
N;23000;399;860
N;24000;654;359
N;25000;293;959
N;26000;48;274
S;27000;164;233;1000;118;145
N;29000;153;134
N;30000;922;526
N;31000;844;86
S;32000;297;157;1000;282;59
N;34000;748;524
N;35000;890;822
S;36000;405;282;1000;310;310
N;38000;544;67
N;39000;275;751
S;40000;531;390;1000;581;475
N;42000;219;629
N;43000;190;674
S;44000;117;482;1000;18;489
N;46000;741;367
S;47000;318;482;1000;409;444
N;49000;231;12
N;50000;229;936
S;51000;659;444;1000;752;411
N;53000;384;214
N;54000;484;454
N;55000;516;692
S;56000;644;319;1000;656;220
N;58000;490;726
N;59000;369;894
N;60000;12;728
N;61000;977;388
N;62000;979;151
N;63000;791;343
N;64000;361;976
N;65000;292;602
S;66000;489;713;1000;405;765
S;68000;186;604;1000;141;692
N;70000;123;983
S;71000;582;862;1000;621;952
N;73000;881;787
N;74000;866;472
S;75000;603;281;1000;537;206
N;77000;633;286
N;78000;708;213
S;79000;687;753;1000;766;811
N;81000;303;107
N;82000;48;755
N;83000;102;716
N;84000;151;133
N;85000;503;540
N;86000;467;619
N;87000;162;766
N;88000;191;683
N;89000;756;875
N;90000;443;199
N;91000;759;108
N;92000;885;457
S;93000;651;198;1000;630;101
N;95000;421;763
N;96000;932;85
N;97000;269;932
N;98000;185;69
S;99000;846;275;1000;778;202
