# Random 07: platinum_disco.mp3
# H;mapID;songName;bpm;delay;noteRadius;songFile
# N;timing;x;y
# S;time;x;y;duration;x;y

H;7;Random 07: platinum_disco.mp3;117;8;50;platinum_disco.mp3;mirrornoki1.png
N;8000;871;367
S;9000;711;320;1000;612;330
S;11000;860;486;1000;799;407
N;13000;640;879
S;14000;560;109;1000;575;206
N;16000;220;633
N;17000;819;239
N;18000;936;272
N;19000;799;732
N;20000;671;386
N;21000;767;167
N;22000;320;161
S;23000;680;519;1000;626;435
S;25000;260;882;1000;170;839
N;27000;958;143
S;28000;161;378;1000;85;441
N;30000;78;462
N;31000;305;248
N;32000;648;489
S;33000;488;738;1000;525;646
N;35000;908;596
S;36000;449;766;1000;416;672
N;38000;502;517
N;39000;926;349
N;40000;979;82
N;41000;917;440
S;42000;561;390;1000;659;397
N;44000;232;845
N;45000;534;735
S;46000;158;508;1000;193;415
S;48000;247;253;1000;202;341
N;50000;7;172
N;51000;623;879
N;52000;364;462
N;53000;703;422
N;54000;793;388
S;55000;884;591;1000;971;543
N;57000;413;249
N;58000;572;755
N;59000;762;225
S;60000;490;383;1000;583;351
S;62000;253;582;1000;351;585
N;64000;698;411
N;65000;262;503
N;66000;906;231
N;67000;122;222
N;68000;586;172
N;69000;341;831
N;70000;884;484
N;71000;673;805
N;72000;908;351
S;73000;520;799;1000;539;895
N;75000;97;768
N;76000;317;401
N;77000;530;790
N;78000;693;582
S;79000;636;224;1000;584;139
N;81000;523;133
N;82000;57;384
N;83000;321;833
N;84000;202;721
N;85000;986;265
S;86000;351;826;1000;384;919
S;88000;404;437;1000;439;529
N;90000;348;326
N;91000;830;909
N;92000;135;951
N;93000;167;633
N;94000;588;36
N;95000;507;578
N;96000;834;242
N;97000;820;750
S;98000;760;182;1000;667;217
N;100000;264;528
N;101000;827;408
N;102000;377;817
N;103000;310;680
S;104000;821;703;1000;901;646
N;106000;293;164
S;107000;489;877;1000;465;973
N;109000;772;476
S;110000;533;414;1000;434;417
N;112000;449;458
N;113000;525;778
N;114000;558;17
N;115000;799;269
N;116000;285;576
N;117000;246;740
N;118000;553;260
N;119000;163;291
N;120000;173;722
N;121000;570;788
N;122000;125;69
N;123000;515;318
N;124000;52;558
N;125000;674;364
S;126000;121;829;1000;75;741
N;128000;10;427
S;129000;733;605;1000;700;698
S;131000;807;769;1000;819;670
S;133000;658;268;1000;715;187
N;135000;510;795
S;136000;631;177;1000;597;270
N;138000;383;878
N;139000;329;416
S;140000;555;139;1000;577;42
N;142000;402;631
N;143000;539;555
N;144000;993;753
N;145000;742;36
S;146000;827;133;1000;826;231
N;148000;131;187
N;149000;851;351
N;150000;951;674
N;151000;371;855
N;152000;639;8
N;153000;21;65
N;154000;391;519
N;155000;766;684
N;156000;605;574
S;157000;569;870;1000;581;968
N;159000;449;450
N;160000;446;885
N;161000;243;544
N;162000;614;402
N;163000;667;588
N;164000;444;853
N;165000;56;197
N;166000;510;692
S;167000;164;307;1000;74;265
N;169000;677;136
N;170000;858;418
S;171000;774;178;1000;829;260
N;173000;210;182
S;174000;444;328;1000;457;426
N;176000;108;763
N;177000;264;520
S;178000;238;592;1000;178;513
N;180000;216;538
N;181000;787;947
N;182000;58;574
N;183000;318;407
S;184000;105;893;1000;9;919
S;186000;848;138;1000;898;52
N;188000;999;584
S;189000;206;382;1000;139;455
N;191000;923;720
N;192000;360;199
N;193000;582;503
N;194000;359;854
N;195000;931;134
N;196000;430;507
S;197000;783;335;1000;685;352
N;199000;468;735
N;200000;144;220
S;201000;853;576;1000;765;529
N;203000;981;788
N;204000;838;507
N;205000;930;882
N;206000;264;446
N;207000;638;99
N;208000;813;819
N;209000;50;222
N;210000;385;408
N;211000;938;75
N;212000;441;605
N;213000;445;822
S;214000;239;719;1000;337;726
N;216000;23;167
N;217000;94;578
S;218000;378;433;1000;330;520
S;220000;163;445;1000;98;369
N;222000;416;209
N;223000;623;595
S;224000;438;604;1000;432;505
N;226000;128;566
S;227000;744;638;1000;662;581
N;229000;125;221
N;230000;203;103
N;231000;137;226
N;232000;763;761
N;233000;861;550
N;234000;506;172
N;235000;907;235
S;236000;690;511;1000;609;568
S;238000;898;871;1000;813;922
N;240000;396;555
N;241000;335;402
N;242000;406;374
S;243000;127;304;1000;147;400
S;245000;842;836;1000;751;796
N;247000;492;50
N;248000;901;270
S;249000;774;233;1000;859;182
