# Random 28: love_dramatic.mp3
# H;mapID;songName;bpm;delay;noteRadius;songFile
# N;timing;x;y
# S;time;x;y;duration;x;y

H;28;Random 28: love_dramatic.mp3;129;8;50;love_dramatic.mp3;nierbackground.jpg
N;8000;79;110
S;9000;169;245;1000;259;205
N;11000;471;366
N;12000;910;898
S;13000;839;827;1000;743;853
N;15000;470;512
S;16000;736;218;1000;792;136
N;18000;117;237
N;19000;559;131
N;20000;606;181
N;21000;427;705
S;22000;827;490;1000;742;541
N;24000;492;815
S;25000;503;690;1000;422;632
N;27000;295;624
N;28000;336;838
N;29000;635;509
N;30000;506;17
N;31000;934;16
S;32000;186;250;1000;283;268
S;34000;695;692;1000;597;708
N;36000;703;668
N;37000;405;339
N;38000;164;918
S;39000;459;153;1000;398;74
N;41000;252;908
S;42000;652;538;1000;553;527
N;44000;676;835
N;45000;480;873
N;46000;804;961
N;47000;31;639
S;48000;238;313;1000;279;403
N;50000;479;417
S;51000;569;670;1000;572;571
N;53000;847;223
N;54000;495;101
S;55000;824;880;1000;726;896
N;57000;6;709
N;58000;661;594
N;59000;148;88
N;60000;238;769
N;61000;30;155
N;62000;536;490
S;63000;671;893;1000;677;794
N;65000;118;231
N;66000;413;808
N;67000;404;301
N;68000;909;254
N;69000;879;945
S;70000;832;588;1000;925;621
N;72000;17;523
S;73000;442;284;1000;354;238
N;75000;979;980
N;76000;504;659
N;77000;679;279
N;78000;104;580
N;79000;842;513
S;80000;197;166;1000;295;171
N;82000;822;675
N;83000;334;659
N;84000;530;555
S;85000;554;108;1000;455;119
N;87000;424;672
N;88000;4;196
N;89000;916;571
N;90000;732;650
N;91000;484;903
N;92000;929;413
N;93000;959;779
N;94000;186;111
S;95000;624;332;1000;584;422
S;97000;112;782;1000;18;813
N;99000;282;712
N;100000;348;117
N;101000;967;255
N;102000;489;401
N;103000;607;416
N;104000;669;918
N;105000;248;943
N;106000;279;363
N;107000;845;458
N;108000;950;633
N;109000;101;888
N;110000;538;915
N;111000;80;484
N;112000;563;816
N;113000;951;799
S;114000;329;720;1000;370;810
N;116000;575;590
N;117000;444;836
N;118000;89;381
N;119000;736;553
S;120000;704;660;1000;727;756
N;122000;928;111
S;123000;571;563;1000;472;556
S;125000;584;422;1000;569;519
N;127000;901;616
S;128000;152;282;1000;146;183
N;130000;566;258
S;131000;807;176;1000;857;91
N;133000;126;742
N;134000;518;39
N;135000;844;614
N;136000;5;325
N;137000;810;470
N;138000;340;626
N;139000;371;383
N;140000;449;965
N;141000;366;295
N;142000;105;417
N;143000;688;32
S;144000;492;172;1000;394;189
N;146000;358;319
N;147000;17;809
N;148000;528;958
S;149000;663;134;1000;759;155
N;151000;239;642
N;152000;561;811
N;153000;267;627
N;154000;176;786
N;155000;981;107
N;156000;736;560
N;157000;554;918
N;158000;731;289
N;159000;541;40
N;160000;246;740
N;161000;10;768
N;162000;513;183
N;163000;915;591
N;164000;168;502
N;165000;977;446
N;166000;985;589
N;167000;849;425
S;168000;661;101;1000;758;85
N;170000;742;438
N;171000;574;273
N;172000;707;213
S;173000;481;695;1000;577;670
N;175000;309;776
N;176000;941;775
S;177000;723;582;1000;625;567
N;179000;660;44
N;180000;740;510
N;181000;599;154
N;182000;595;704
S;183000;123;304;1000;55;376
N;185000;740;896
S;186000;388;812;1000;297;772
N;188000;640;553
N;189000;501;588
N;190000;138;956
N;191000;971;589
S;192000;629;781;1000;712;727
N;194000;579;880
N;195000;240;130
N;196000;731;423
N;197000;287;30
S;198000;272;624;1000;231;533
S;200000;634;400;1000;729;372
N;202000;951;832
N;203000;861;699
S;204000;412;253;1000;342;182
N;206000;195;594
N;207000;257;580
N;208000;967;770
N;209000;537;369
N;210000;5;194
N;211000;846;910
S;212000;647;863;1000;674;767
N;214000;796;300
N;215000;543;54
N;216000;158;692
S;217000;360;678;1000;360;579
S;219000;760;591;1000;661;586
S;221000;602;803;1000;700;809
N;223000;145;74
N;224000;833;667
N;225000;633;541
N;226000;954;202
N;227000;945;804
N;228000;808;969
S;229000;396;872;1000;374;968
N;231000;295;605
S;232000;770;300;1000;706;376
N;234000;555;178
N;235000;925;995
N;236000;298;420
N;237000;270;824
N;238000;849;439
N;239000;377;988
N;240000;871;140
N;241000;255;184
N;242000;842;261
S;243000;139;136;1000;190;51
N;245000;988;445
N;246000;315;64
N;247000;671;397
S;248000;215;458;1000;119;482
N;250000;123;368
N;251000;338;894
N;252000;461;725
N;253000;30;284
N;254000;174;776
N;255000;936;126
N;256000;895;801
N;257000;652;606
N;258000;405;592
