# Random 26: renai_circulation.mp3
# H;mapID;songName;bpm;delay;noteRadius;songFile
# N;timing;x;y
# S;time;x;y;duration;x;y

H;26;Random 26: renai_circulation.mp3;120;8;50;renai_circulation.mp3;senshiknife.png
N;8000;187;439
N;9000;122;431
N;10000;63;923
N;11000;182;282
N;12000;365;959
N;13000;677;245
N;14000;310;372
S;15000;521;662;1000;619;667
N;17000;478;210
N;18000;961;565
N;19000;322;698
N;20000;397;863
N;21000;280;513
N;22000;171;898
N;23000;112;675
N;24000;312;641
N;25000;765;757
N;26000;417;656
S;27000;762;862;1000;727;769
S;29000;241;183;1000;307;109
S;31000;564;846;1000;473;884
N;33000;969;593
N;34000;407;400
S;35000;146;262;1000;48;242
N;37000;325;139
N;38000;973;270
S;39000;554;668;1000;542;766
N;41000;680;669
S;42000;519;316;1000;449;386
S;44000;688;148;1000;653;240
N;46000;462;754
N;47000;750;174
N;48000;881;102
N;49000;251;191
N;50000;400;319
N;51000;818;394
N;52000;645;413
S;53000;718;869;1000;625;834
S;55000;608;832;1000;657;918
N;57000;531;68
N;58000;785;845
N;59000;116;653
N;60000;517;26
N;61000;278;365
N;62000;784;421
N;63000;710;531
N;64000;349;961
N;65000;879;95
S;66000;600;142;1000;514;92
N;68000;794;651
N;69000;65;708
S;70000;569;521;1000;589;617
N;72000;243;250
N;73000;979;691
N;74000;334;607
N;75000;861;51
N;76000;344;927
N;77000;510;29
S;78000;733;197;1000;770;288
N;80000;1;12
N;81000;804;358
N;82000;383;674
N;83000;306;176
N;84000;687;972
N;85000;692;909
N;86000;819;32
S;87000;560;167;1000;474;216
N;89000;845;51
S;90000;476;242;1000;377;254
N;92000;290;255
N;93000;949;536
S;94000;653;644;1000;564;599
S;96000;545;772;1000;458;724
N;98000;534;52
N;99000;35;268
N;100000;657;322
S;101000;340;730;1000;331;828
N;103000;842;791
S;104000;396;408;1000;421;503
N;106000;191;105
N;107000;349;429
N;108000;395;584
N;109000;302;613
N;110000;299;133
N;111000;29;755
N;112000;774;310
N;113000;994;800
S;114000;794;808;1000;710;754
N;116000;422;695
S;117000;774;206;1000;770;107
S;119000;328;291;1000;404;353
N;121000;828;698
N;122000;611;533
N;123000;717;935
N;124000;597;478
N;125000;687;314
N;126000;630;386
N;127000;429;675
S;128000;196;745;1000;293;727
S;130000;321;506;1000;369;592
S;132000;660;284;1000;750;325
N;134000;892;917
N;135000;710;934
N;136000;731;832
N;137000;326;187
N;138000;569;852
N;139000;361;761
N;140000;904;908
N;141000;292;568
S;142000;424;817;1000;510;865
N;144000;808;266
N;145000;225;395
N;146000;641;883
S;147000;118;429;1000;57;350
S;149000;847;672;1000;794;755
N;151000;265;364
S;152000;743;724;1000;646;703
N;154000;64;136
S;155000;450;300;1000;429;203
N;157000;933;187
N;158000;363;190
S;159000;801;893;1000;761;802
S;161000;741;647;1000;643;632
N;163000;454;346
N;164000;89;259
N;165000;521;469
N;166000;860;438
S;167000;734;271;1000;812;330
N;169000;555;753
N;170000;171;467
N;171000;767;560
N;172000;893;17
N;173000;804;912
N;174000;134;503
N;175000;69;654
N;176000;136;816
N;177000;656;904
N;178000;829;863
N;179000;657;816
N;180000;179;648
N;181000;154;481
S;182000;457;592;1000;395;514
N;184000;138;534
N;185000;777;748
N;186000;611;782
N;187000;978;480
N;188000;429;433
N;189000;506;542
N;190000;761;274
N;191000;525;870
N;192000;293;589
N;193000;157;743
N;194000;898;370
N;195000;989;130
S;196000;900;103;1000;802;117
N;198000;853;237
N;199000;120;322
N;200000;914;961
N;201000;499;931
N;202000;816;21
N;203000;319;676
N;204000;43;222
N;205000;399;186
N;206000;240;88
N;207000;491;112
N;208000;48;256
S;209000;406;453;1000;331;387
S;211000;743;784;1000;647;810
N;213000;253;159
N;214000;393;546
S;215000;275;546;1000;347;613
N;217000;853;391
S;218000;373;115;1000;359;213
N;220000;456;687
N;221000;301;139
N;222000;795;258
N;223000;169;331
N;224000;88;297
N;225000;37;550
N;226000;238;626
N;227000;121;115
N;228000;235;457
N;229000;970;448
N;230000;561;104
N;231000;79;475
S;232000;418;282;1000;325;316
N;234000;691;566
N;235000;395;60
S;236000;791;879;1000;694;855
N;238000;211;812
N;239000;759;748
N;240000;748;741
N;241000;98;250
N;242000;116;733
N;243000;251;68
N;244000;272;983
N;245000;675;815
S;246000;483;577;1000;384;575
S;248000;850;784;1000;757;819
N;250000;454;758
